Matriz 1
3 6 7 5 3 5 6 2 9 1 2 7 0 9 3 6 0 6 2 6 1 8 7 9 2 0 2 3 7 5 9 2 2 8 9 7 3 6 1 2 9 3 1 9 4 7 8 4 5 0 3 6 1 0 6 3 2 0 6 1 5 5 4 7 6 5 6 9 3 7 4 5 2 5 4 7 4 4 3 0 7 8 6 8 8 4 3 1 4 9 2 0 6 8 9 2 6 6 4 9 
5 0 4 8 7 1 7 2 7 2 2 6 1 0 6 1 5 9 4 9 0 9 1 7 7 1 1 5 9 7 7 6 7 3 6 5 6 3 9 4 8 1 2 9 3 9 0 8 8 5 0 9 6 3 8 5 6 1 1 5 9 8 4 8 1 0 3 0 4 4 4 4 7 6 3 1 7 5 9 6 2 1 7 8 5 7 4 1 8 5 9 7 5 3 8 8 3 1 8 9 
6 4 3 3 3 8 6 0 4 8 8 8 9 7 7 6 4 3 0 3 0 9 2 5 4 0 5 9 4 6 9 2 2 4 7 7 5 4 8 1 2 8 9 3 6 8 0 2 1 0 5 1 1 0 8 5 0 6 4 6 2 5 8 6 2 8 4 7 2 4 0 6 2 9 9 0 8 1 3 1 1 0 3 4 0 3 9 1 9 6 9 3 3 8 0 5 6 6 4 0 
0 4 6 2 6 7 5 6 9 8 7 2 8 2 9 9 6 0 2 7 6 1 3 2 1 5 9 9 1 4 9 1 0 7 5 8 7 0 4 8 0 4 2 9 6 1 0 4 2 2 2 0 5 5 2 9 0 2 8 3 8 0 4 0 9 1 9 6 2 5 4 4 9 9 3 6 0 5 0 2 9 4 3 5 1 7 4 3 1 4 6 9 4 2 2 6 4 1 2 8 
8 9 2 8 8 8 6 8 3 8 3 3 3 8 0 4 7 6 8 9 0 6 8 7 9 0 3 3 3 7 3 2 6 5 2 6 5 8 7 9 6 0 4 1 0 4 8 7 0 8 6 2 4 7 9 3 9 2 8 3 0 1 7 8 9 1 5 4 9 2 5 7 4 9 9 4 5 9 3 5 7 0 8 1 9 9 7 8 2 5 3 4 9 0 2 0 1 9 6 2 
1 2 0 7 3 1 1 9 0 5 6 7 7 4 0 6 4 7 4 8 5 8 2 6 0 6 6 4 6 2 8 9 6 0 7 0 1 0 1 3 7 7 2 6 4 5 2 0 2 9 0 9 9 4 5 1 0 3 7 8 8 6 0 4 6 7 6 0 9 7 5 9 7 8 5 3 3 8 3 7 9 3 7 8 7 4 1 9 0 9 8 8 5 8 4 3 7 1 3 8 
0 9 7 9 9 3 2 4 3 7 1 2 2 0 2 1 7 5 1 7 4 1 7 1 1 1 7 0 4 0 8 5 1 6 6 2 1 9 6 4 8 0 8 1 0 2 2 9 7 5 6 4 6 3 7 9 7 4 9 1 7 0 6 0 8 5 3 9 4 1 5 4 1 5 5 4 9 8 3 8 5 2 2 2 7 0 3 4 6 3 6 3 3 4 4 3 9 7 2 5 
8 9 0 2 4 7 6 5 7 1 3 3 3 8 5 1 0 8 7 6 3 5 0 8 0 4 1 1 3 5 9 3 4 1 5 0 8 3 5 6 5 9 9 0 7 6 3 7 6 1 5 0 6 5 0 8 1 2 2 6 9 1 0 4 2 7 4 0 3 2 8 0 3 7 0 0 3 4 9 2 7 4 2 5 2 4 4 3 8 6 0 8 9 2 2 3 1 8 3 4 
2 2 4 5 1 7 5 7 1 6 9 8 1 3 3 3 7 9 8 6 7 0 4 8 4 8 1 6 8 5 2 1 9 9 6 0 6 4 9 9 0 8 9 3 1 4 8 9 6 7 7 3 7 1 2 2 1 5 0 9 0 4 0 1 3 7 4 1 1 3 0 3 2 1 7 5 6 5 4 2 2 1 7 2 4 1 6 5 7 8 5 9 2 7 3 6 4 7 9 7 
2 2 1 6 3 0 2 1 5 6 5 0 0 3 4 6 6 0 2 5 8 9 5 0 6 0 8 3 7 8 2 1 0 5 8 5 5 0 7 3 8 2 3 0 7 7 7 6 9 1 1 9 0 8 9 8 8 0 3 7 0 6 9 2 1 7 7 9 7 6 2 7 1 5 8 8 4 5 6 5 6 8 4 8 8 3 8 7 5 2 4 5 0 5 7 3 2 7 2 1 
3 4 9 4 1 9 5 7 4 1 2 2 1 6 2 0 2 2 9 7 4 3 5 6 1 4 0 3 1 2 7 7 9 8 1 0 7 6 0 1 0 2 5 1 9 7 1 3 1 2 0 6 8 7 4 9 2 4 4 5 9 1 2 8 9 6 0 6 4 0 9 4 5 4 6 6 3 9 9 5 2 1 3 0 9 9 1 3 4 5 8 5 7 3 3 8 9 5 5 3 
8 6 0 3 3 6 1 8 7 0 5 1 1 0 3 0 0 4 5 4 2 4 9 9 9 4 9 8 1 6 3 9 3 3 4 6 1 5 6 1 7 2 2 9 2 8 1 2 4 7 8 6 3 7 7 2 3 7 2 5 3 7 6 8 1 3 6 4 0 3 5 8 5 0 9 9 8 0 2 4 9 0 1 2 0 0 6 3 9 0 8 3 8 7 3 1 0 0 5 0 
3 1 8 0 1 7 9 1 0 3 5 9 4 8 4 6 9 2 9 0 3 0 3 3 7 9 4 9 9 1 9 4 2 0 6 5 9 5 6 1 1 4 3 7 2 7 3 3 9 2 4 4 4 9 9 3 8 3 2 9 5 4 3 9 4 9 5 5 7 3 9 0 7 2 7 2 9 0 5 0 4 1 7 9 3 6 2 1 2 5 3 9 1 8 8 7 0 5 2 7 
9 1 9 6 3 6 8 4 6 6 7 2 7 4 1 0 0 6 4 4 3 7 3 4 7 2 1 7 9 5 6 8 9 5 5 2 1 5 9 9 1 6 2 1 0 5 3 2 1 9 7 6 8 2 0 6 4 3 3 6 9 0 4 8 5 1 2 9 7 3 8 0 9 2 3 1 8 7 4 1 6 3 8 5 5 0 1 2 6 4 8 5 6 2 5 2 6 9 1 3 
3 1 5 2 6 9 4 4 6 0 7 4 3 7 9 0 0 2 2 6 9 0 3 5 5 8 7 1 7 0 6 0 4 1 3 0 2 9 6 0 9 3 5 4 3 6 4 3 1 9 1 0 9 4 5 6 2 5 9 1 7 7 4 1 1 9 1 3 8 7 4 9 3 1 3 8 7 9 3 8 8 4 0 0 8 6 8 2 3 8 5 0 5 9 2 6 8 5 2 8 
3 6 7 8 7 2 6 6 2 9 7 0 3 7 2 3 5 1 7 8 9 4 1 6 4 3 5 4 8 7 3 3 5 0 1 4 5 7 0 7 8 9 9 3 9 4 6 4 5 5 5 6 0 6 2 6 9 9 2 9 6 5 5 3 8 6 7 3 6 0 2 6 9 3 0 8 7 6 5 2 4 0 0 6 8 5 4 9 4 6 8 3 2 3 6 2 2 4 7 0 
4 9 6 5 4 6 4 2 5 1 6 1 3 7 7 1 2 1 0 8 9 0 1 3 4 8 5 8 2 2 0 6 3 6 1 0 5 7 4 2 0 0 3 3 9 0 4 3 3 4 2 4 5 3 8 1 1 3 1 5 8 1 3 3 9 7 5 4 4 9 6 7 2 1 0 1 3 7 7 6 3 9 1 0 4 1 1 8 6 4 3 4 7 7 0 7 4 5 3 0 
7 2 9 9 3 0 2 7 9 9 5 2 0 8 3 5 9 6 5 6 3 0 2 0 7 4 7 3 0 1 6 7 5 7 8 8 9 0 7 8 0 3 1 0 3 6 7 3 2 2 1 5 3 3 8 2 8 5 8 0 8 6 9 3 3 7 4 3 7 1 3 9 6 4 2 0 2 9 5 7 4 6 4 9 1 2 3 1 8 1 3 8 9 2 4 5 1 0 0 1 
3 3 0 0 0 2 2 2 4 7 9 8 5 4 7 8 6 0 0 6 4 3 7 5 8 1 0 9 3 0 2 6 4 3 8 6 7 0 8 1 9 8 1 6 4 8 5 0 1 5 9 7 0 6 2 8 9 5 0 2 7 2 8 1 7 7 9 7 9 8 8 9 0 2 0 1 5 8 0 0 0 4 7 5 3 1 4 2 0 1 3 0 0 4 8 2 2 8 0 8 
4 2 5 4 2 7 5 7 5 2 2 8 6 6 0 0 9 1 2 6 9 4 8 2 8 2 7 8 6 7 6 1 6 5 1 1 8 6 9 7 8 0 0 8 1 6 1 0 9 7 9 2 8 0 4 1 8 0 5 0 1 6 0 2 8 8 4 9 5 7 6 2 4 9 7 1 3 8 0 9 5 2 1 3 2 7 3 3 2 3 8 6 6 0 9 1 9 1 5 0 
9 4 9 6 8 2 4 6 5 3 4 7 4 7 1 4 0 4 8 3 3 4 6 1 5 5 6 3 8 5 0 3 5 1 0 2 4 9 0 4 4 3 2 5 1 3 2 6 0 6 9 6 8 0 8 6 7 5 5 4 8 8 2 1 3 8 9 3 5 4 1 2 2 7 7 9 1 4 0 4 8 8 4 0 9 6 7 1 4 4 8 4 9 8 4 4 1 9 6 8 
9 6 3 8 9 5 0 1 9 8 2 6 7 5 9 3 9 9 4 7 6 5 8 0 0 1 6 4 5 8 3 1 2 2 9 5 5 4 6 3 1 2 0 6 5 1 9 4 6 6 8 2 0 2 9 2 0 7 2 0 9 9 5 5 7 4 4 7 7 9 9 3 9 8 4 0 8 0 5 9 0 9 1 8 2 8 6 8 4 8 9 8 3 7 0 1 9 6 3 0 
1 4 8 6 6 6 6 1 7 8 2 9 8 6 4 9 1 2 2 2 4 6 0 2 3 9 8 6 8 6 9 7 2 8 7 5 7 6 4 3 5 3 7 3 2 8 3 0 8 6 6 9 7 1 9 3 7 1 2 3 5 7 0 6 0 5 7 6 6 3 2 4 3 6 0 4 3 6 3 7 4 9 2 3 8 2 4 5 4 3 2 2 4 7 4 1 6 1 6 7 
0 7 3 0 4 5 8 0 7 2 4 9 9 3 6 6 7 1 1 0 7 9 0 7 6 9 3 3 6 4 9 8 4 6 9 9 7 8 0 1 4 5 4 8 1 7 8 0 8 0 4 8 8 3 5 2 4 4 7 6 5 5 8 2 8 0 5 0 8 0 7 5 3 0 2 0 0 0 4 0 1 9 6 8 9 6 8 5 9 8 7 0 7 8 5 8 0 5 4 4 
9 1 9 9 3 4 1 2 5 7 2 6 0 1 4 1 5 3 5 7 7 1 8 7 0 2 9 8 2 8 5 9 2 0 3 4 7 7 1 6 5 5 4 6 8 1 0 5 1 8 9 1 8 1 0 9 7 3 9 1 2 6 2 6 6 5 0 5 4 3 1 9 8 7 7 6 8 7 3 2 5 4 3 5 7 5 6 5 9 5 8 3 3 1 9 9 6 1 7 1 
4 0 2 5 8 0 1 6 9 7 0 5 1 3 2 9 9 9 6 0 6 4 3 0 5 4 1 4 5 8 5 1 9 9 6 7 9 0 5 9 7 6 6 8 1 8 9 2 9 5 4 6 2 7 6 7 1 7 1 8 6 8 0 7 8 6 6 9 6 1 8 5 9 6 6 1 7 5 5 6 3 0 2 5 9 8 2 3 8 6 1 6 6 1 3 4 0 9 6 8 
2 6 4 2 3 0 5 0 7 2 8 0 2 3 5 4 3 0 7 1 8 8 7 4 2 2 1 2 1 7 2 6 3 6 0 8 8 7 0 8 9 9 8 4 2 6 8 7 8 5 9 8 3 6 4 7 1 5 9 4 4 2 0 0 0 0 8 1 7 1 9 9 0 3 4 7 3 1 7 8 2 5 3 1 2 1 2 9 2 4 4 9 6 4 6 7 4 6 2 9 
9 6 7 7 2 6 7 4 7 1 1 8 0 6 6 6 0 9 5 7 0 4 6 6 0 0 6 2 6 5 4 0 4 0 6 2 2 7 2 7 5 1 9 0 0 6 2 0 2 4 9 9 9 5 0 3 7 0 4 9 4 8 9 0 0 8 2 2 5 6 2 1 8 1 3 0 7 7 2 1 4 1 1 3 6 3 8 6 6 3 5 2 3 7 2 6 5 6 8 0 
2 2 3 2 4 8 2 3 8 5 7 2 8 8 7 7 3 5 3 9 0 8 1 6 5 5 2 2 1 2 5 6 5 8 8 9 9 3 4 7 0 1 1 0 1 8 7 5 3 0 6 6 1 8 2 8 5 4 3 9 6 8 5 1 8 5 2 9 0 7 6 0 0 7 3 2 7 0 7 1 3 3 7 6 3 9 6 9 5 9 8 1 7 5 3 8 0 7 7 3 
4 6 5 5 5 8 9 3 9 6 6 4 1 5 0 7 6 6 8 1 6 8 2 5 3 7 3 5 5 1 8 1 7 6 8 2 4 7 7 3 3 3 7 7 8 9 6 4 6 4 5 4 2 0 9 7 7 5 4 4 6 5 6 5 1 4 9 5 2 7 1 7 0 0 6 1 0 2 5 8 6 3 2 0 3 1 9 2 6 6 7 4 1 3 1 4 9 1 1 1 
0 2 1 2 5 7 3 5 0 1 5 8 6 7 1 9 0 2 3 9 8 0 3 1 5 7 7 7 0 9 8 0 3 1 4 8 9 0 5 1 3 0 1 9 9 2 0 0 7 3 9 7 6 4 9 3 3 8 0 3 7 1 5 1 2 2 1 3 2 7 4 5 9 6 4 9 0 4 1 7 9 0 5 5 6 6 1 0 4 1 5 2 4 3 5 7 5 6 2 7 
5 7 4 5 3 8 6 3 4 7 1 3 9 8 1 7 4 2 9 8 5 5 2 2 0 7 1 5 6 3 2 1 0 8 8 5 6 4 9 2 3 2 7 2 2 8 2 6 2 1 6 0 8 9 2 8 8 5 5 4 8 9 8 9 7 6 4 5 3 5 7 6 9 5 1 1 5 5 9 0 6 6 2 7 7 6 7 5 1 3 2 9 2 0 0 0 8 7 5 1 
4 5 0 4 0 3 7 7 8 7 7 4 3 1 3 0 1 6 1 0 1 1 9 9 7 0 9 6 6 8 9 9 4 8 9 5 6 6 4 6 0 0 9 7 0 7 1 9 8 0 7 4 8 4 4 9 3 8 8 9 1 6 9 8 0 9 2 9 9 9 9 7 9 6 3 0 6 6 8 3 3 3 8 7 2 1 3 3 9 5 3 2 4 8 3 5 9 2 6 7 
5 6 3 1 7 9 5 2 8 9 2 8 2 0 5 4 1 0 0 2 5 3 6 2 3 9 7 5 1 4 2 8 2 8 2 9 9 9 1 9 8 5 7 3 5 4 9 8 4 9 3 2 4 9 4 8 9 3 3 2 9 7 3 2 5 5 3 6 4 7 6 4 2 3 7 0 0 7 0 6 6 3 8 1 3 4 1 4 8 6 8 7 5 1 9 3 8 3 9 4 
2 5 9 4 1 8 4 1 7 7 9 4 0 8 7 5 4 0 9 2 8 0 0 3 1 1 6 2 6 6 6 8 3 7 5 4 6 1 7 3 8 9 9 9 9 8 6 3 8 8 6 6 8 8 2 1 1 8 3 8 6 0 8 0 7 3 6 5 5 6 9 3 5 0 4 4 9 3 7 7 1 5 6 9 3 8 0 7 8 6 5 5 8 3 5 7 9 1 3 4 
7 4 9 4 4 6 8 5 9 8 5 2 3 1 1 9 1 3 6 9 1 3 4 9 8 1 7 9 3 0 3 2 6 5 9 2 3 7 8 4 7 3 6 3 6 9 2 7 2 0 8 4 5 3 5 5 4 2 5 9 4 0 4 0 5 3 5 0 2 3 4 0 6 2 3 2 1 7 1 4 9 9 0 6 4 5 1 1 0 6 2 6 7 6 9 4 1 4 5 6 
7 1 6 5 4 1 9 7 0 0 1 1 1 3 7 6 1 8 7 3 7 1 9 4 0 8 0 1 4 7 7 3 9 5 8 5 8 7 2 8 9 6 9 1 1 8 9 4 7 8 7 4 9 9 0 9 9 0 3 4 8 2 7 9 0 6 6 8 5 0 9 7 6 0 8 0 9 9 4 8 7 2 4 8 1 4 8 0 6 3 6 6 5 4 7 7 2 5 6 9 
6 7 6 4 7 4 4 6 3 9 6 2 3 0 1 6 6 1 8 5 4 5 1 1 1 1 9 3 6 7 2 4 4 1 9 1 5 5 0 1 6 6 5 9 7 6 7 3 9 6 8 5 3 2 7 6 5 8 1 3 5 3 8 9 6 9 2 2 4 2 5 1 9 2 2 6 1 0 1 0 8 2 6 3 6 5 9 3 3 0 6 8 5 6 9 2 5 1 6 0 
4 3 1 5 5 3 3 6 5 4 9 3 8 5 8 6 0 7 9 5 7 6 3 3 2 4 7 8 5 3 0 9 6 3 4 1 8 9 0 4 4 9 9 4 4 8 1 6 5 0 1 5 8 6 0 1 0 7 1 7 0 3 9 8 6 5 1 4 5 1 0 9 0 0 5 6 0 6 4 5 7 7 2 7 3 2 8 5 9 1 3 1 4 2 9 0 9 1 7 4 
2 7 5 5 7 1 3 7 7 8 5 6 5 7 4 1 2 4 6 1 8 1 5 2 5 4 5 5 7 2 9 2 9 5 7 9 6 0 8 5 0 5 4 6 5 0 7 7 4 5 0 2 9 5 7 4 2 2 1 9 6 1 1 7 8 0 6 6 3 7 1 3 2 7 1 9 7 0 6 2 6 7 6 7 4 3 1 6 7 5 8 3 8 1 1 6 4 2 7 6 
5 2 1 5 4 0 4 0 8 1 8 5 4 9 0 0 2 6 2 0 9 1 5 8 3 1 5 0 3 3 2 1 9 8 3 0 4 3 5 7 8 8 8 9 1 3 4 3 4 8 9 2 9 2 5 7 0 1 7 6 3 6 2 7 7 4 6 7 2 7 7 0 7 9 5 0 7 5 8 9 8 7 5 4 2 1 1 0 2 0 6 0 8 9 4 8 8 4 5 8 
6 8 5 3 4 7 6 7 8 9 7 4 7 7 1 8 7 7 2 3 4 2 4 0 1 2 8 7 3 2 8 8 5 9 4 5 6 3 8 7 3 1 8 3 7 0 9 3 6 2 7 1 7 9 8 1 6 6 2 1 6 8 9 9 7 6 9 2 4 1 1 9 4 2 6 8 2 3 6 0 3 1 0 1 3 3 4 4 9 4 8 0 8 1 3 9 4 7 2 6 
9 4 5 9 4 8 4 9 2 0 0 9 1 0 7 3 0 7 4 7 2 5 2 3 1 2 8 0 6 0 3 7 1 0 6 3 3 0 5 0 3 6 0 2 8 3 5 9 0 9 6 4 2 6 9 0 0 3 0 6 4 4 3 7 7 2 8 6 7 1 4 4 5 4 2 2 0 1 4 5 3 6 3 2 7 0 4 2 2 0 4 0 5 8 0 0 7 0 1 7 
6 3 9 3 1 4 1 6 3 5 9 0 1 3 2 3 6 3 5 5 7 7 5 4 1 0 7 0 0 6 7 9 9 4 8 7 2 4 5 3 0 2 1 9 8 3 3 6 2 1 4 8 9 7 9 2 9 4 0 9 0 8 2 5 3 3 7 0 4 6 3 3 1 1 6 1 3 2 1 5 4 0 1 3 8 9 8 3 5 5 4 9 1 1 7 1 0 0 0 9 
8 2 0 0 8 3 8 7 6 7 7 2 9 6 3 2 8 2 5 3 5 8 7 3 9 1 4 7 7 9 4 4 2 1 2 5 5 3 4 2 3 5 3 5 1 2 7 0 7 5 3 0 8 5 6 6 2 2 3 6 3 9 9 5 1 4 7 2 7 2 7 9 1 6 9 0 4 4 2 8 7 3 6 8 6 8 8 7 5 0 8 3 1 6 4 0 1 1 8 9 
8 9 7 6 6 7 4 0 4 4 9 1 2 0 1 5 3 9 5 6 9 2 6 1 3 8 1 6 6 6 1 9 8 6 8 3 6 7 3 0 7 4 8 2 6 2 8 9 5 2 7 6 5 5 7 3 0 7 0 1 9 1 0 9 0 8 4 3 2 1 6 2 5 8 9 6 2 5 5 7 2 3 0 9 1 2 7 4 7 2 0 4 2 0 3 0 0 0 5 5 
7 0 3 8 6 9 1 0 0 5 8 5 7 9 6 4 8 7 4 2 9 6 9 9 9 2 9 2 4 2 2 4 7 6 3 3 8 0 3 9 2 3 3 4 6 8 1 1 6 6 9 3 1 3 3 0 9 1 6 6 4 1 9 8 4 5 1 9 2 4 2 8 0 3 4 3 6 2 2 5 6 8 5 7 7 7 8 0 0 8 2 6 1 0 7 0 2 5 2 4 
6 1 4 1 9 8 9 0 0 6 5 7 0 2 3 5 1 5 5 7 1 3 9 2 8 2 0 5 2 6 7 2 7 2 7 6 2 0 2 4 7 3 1 3 8 2 5 7 0 8 8 4 5 1 8 8 0 0 4 7 6 9 6 3 9 5 8 2 0 5 5 5 2 0 2 0 6 3 8 8 5 6 9 4 9 8 9 7 9 2 4 7 8 3 3 0 4 6 2 3 
0 0 5 0 6 1 6 8 4 9 2 4 8 7 3 5 5 7 0 9 3 1 2 9 9 0 0 6 2 7 5 1 5 0 7 7 7 7 7 6 9 5 2 3 2 4 2 9 4 1 1 0 8 4 7 4 3 5 9 8 6 8 0 5 6 9 3 6 2 2 5 0 2 3 1 2 3 0 7 9 0 4 6 8 0 7 4 5 3 4 2 6 5 4 7 1 3 6 3 6 
5 8 6 0 4 2 5 9 2 0 1 7 9 0 9 5 2 4 7 9 7 5 5 2 5 2 3 7 6 3 8 2 6 8 0 2 1 7 0 7 8 2 7 6 9 1 3 5 3 8 5 6 3 6 3 4 4 3 8 1 9 8 1 5 6 6 4 4 4 0 3 5 2 3 8 0 6 7 6 1 3 4 6 6 0 4 1 6 3 4 6 3 7 6 0 0 4 7 4 9 
3 4 6 5 2 4 3 8 9 1 1 2 3 5 7 4 6 7 6 9 2 5 7 0 5 8 7 1 6 5 1 9 4 4 4 9 0 2 9 1 1 6 9 5 0 8 4 9 1 4 0 5 2 8 9 1 7 5 0 8 4 7 1 1 3 5 3 0 5 4 4 6 8 4 0 0 8 3 4 7 1 0 4 1 2 3 8 6 3 4 7 6 2 2 9 7 0 2 1 9 
8 4 5 8 0 2 0 5 8 6 7 5 0 5 8 7 0 3 9 7 5 3 8 4 3 7 5 6 8 6 6 3 1 5 0 1 5 7 1 3 7 5 4 5 2 3 2 7 4 8 2 3 0 4 4 5 6 1 9 9 8 6 4 1 4 5 4 3 0 4 5 4 5 7 0 2 3 4 1 2 9 1 7 8 2 4 8 5 2 3 1 0 4 2 0 6 7 2 9 5 
3 4 9 3 5 1 8 9 8 4 9 3 4 3 1 8 4 3 3 7 0 0 9 3 6 4 5 2 5 2 6 4 7 0 4 1 3 4 1 9 2 2 4 2 1 3 2 6 8 5 4 7 3 2 5 2 1 5 4 7 3 8 7 1 9 4 7 2 3 1 0 8 1 6 1 6 0 3 2 6 4 1 2 0 1 8 3 8 4 1 7 2 9 3 7 8 4 3 6 1 
6 6 3 6 7 7 7 3 1 8 0 5 1 9 6 2 3 4 6 6 7 9 6 5 0 5 6 3 3 7 1 4 9 7 8 7 7 2 2 4 9 1 8 2 8 5 6 2 5 0 7 2 1 1 7 0 5 5 4 5 0 0 9 0 0 7 9 6 2 0 2 2 9 8 9 3 4 4 1 0 5 6 1 4 1 0 4 5 2 0 4 0 2 2 9 2 6 7 2 3 
1 5 5 7 1 0 6 0 7 2 4 1 4 7 4 6 7 2 4 9 7 0 3 5 4 1 5 8 9 6 7 4 4 4 8 2 7 4 6 6 7 1 9 4 0 6 6 0 6 9 1 5 2 6 5 7 2 5 1 8 4 3 8 5 8 3 1 3 1 4 5 8 9 7 2 4 7 0 5 5 2 7 4 1 9 5 4 2 5 8 5 5 6 6 8 7 1 9 2 5 
2 3 1 6 5 0 2 1 9 7 7 8 2 8 0 9 9 5 7 7 7 0 7 9 8 0 0 5 5 5 6 0 5 0 5 0 7 2 7 1 4 8 3 5 2 9 0 3 8 7 3 3 2 7 9 1 8 9 5 1 0 1 6 0 9 9 9 4 9 4 4 0 6 9 3 3 3 5 4 9 5 7 0 8 3 0 7 8 5 6 4 5 1 4 2 0 4 1 4 6 
0 8 7 4 2 3 7 7 8 7 0 5 7 9 8 2 4 5 2 9 8 0 3 7 2 7 0 1 9 9 2 4 1 1 6 4 1 5 2 7 5 5 0 1 6 9 2 2 7 0 6 4 0 8 5 5 3 0 5 6 2 7 1 8 4 9 2 7 1 5 5 0 8 3 6 4 8 3 1 3 9 3 1 7 3 1 2 1 3 8 4 7 7 9 0 8 5 9 4 4 
6 6 9 8 7 4 4 6 1 1 3 4 8 7 2 2 0 1 9 1 8 4 2 1 5 0 8 2 4 1 5 5 2 7 4 9 0 9 8 2 9 2 1 4 0 3 0 0 7 2 9 1 9 1 9 2 0 9 4 2 8 5 2 1 3 1 3 0 6 4 9 0 7 0 5 1 0 9 7 0 6 3 3 5 2 5 1 5 0 6 5 9 9 5 8 4 1 0 3 7 
5 8 6 7 5 6 1 8 6 6 2 6 8 4 3 7 0 5 4 7 7 3 9 1 7 8 3 0 5 0 4 3 5 1 9 7 2 5 0 9 6 4 7 7 1 5 7 9 5 9 0 7 4 6 2 3 4 6 9 7 5 6 6 1 1 1 5 6 9 5 7 3 6 5 0 0 4 0 5 4 2 1 1 1 8 1 6 6 8 6 9 8 6 0 0 4 6 6 0 2 
1 7 5 6 8 2 0 9 0 0 4 9 2 0 6 2 8 1 5 0 6 0 0 2 4 6 0 9 6 1 9 6 9 8 5 4 1 7 3 2 2 4 4 9 8 1 8 9 8 6 3 6 1 8 4 5 1 3 8 1 3 2 1 2 0 7 4 7 0 7 8 0 2 9 2 0 9 9 0 7 7 4 2 2 5 4 1 8 7 5 1 1 6 0 2 3 2 0 1 1 
0 1 8 3 1 3 0 3 2 7 7 8 1 8 0 1 4 2 2 8 1 2 4 7 9 2 6 4 8 1 5 9 5 6 2 9 0 4 8 8 9 3 8 0 5 9 4 7 7 5 4 3 8 5 3 2 3 3 7 3 5 7 5 8 0 8 1 4 9 5 6 4 2 5 2 0 2 4 5 4 4 6 8 0 7 5 6 8 3 4 1 8 7 8 5 0 9 3 2 8 
5 9 2 8 4 1 3 4 3 6 2 8 6 8 3 2 1 0 2 1 5 6 9 0 7 0 1 6 6 4 8 4 0 9 1 4 2 5 2 3 8 9 3 1 6 1 7 4 2 0 0 1 8 3 0 6 4 2 2 6 2 0 1 8 4 3 8 8 2 9 6 0 2 8 1 7 4 4 8 3 4 7 0 1 4 7 6 2 3 3 6 1 5 4 8 6 4 7 1 8 
5 8 8 2 9 5 3 3 4 0 0 6 6 0 6 9 7 5 5 7 4 3 7 2 1 9 9 6 4 4 5 0 2 4 0 5 4 6 1 1 2 5 8 9 9 0 0 8 0 1 9 1 9 1 8 9 2 4 0 7 8 3 1 4 3 4 1 6 5 0 0 3 8 4 5 9 4 5 1 7 7 2 6 8 2 5 1 2 8 2 5 3 3 3 5 3 6 7 8 0 
9 2 5 6 2 9 5 5 3 4 4 8 3 5 6 6 0 1 1 8 1 1 5 8 9 3 3 4 4 4 6 9 7 5 4 3 3 9 8 7 9 2 0 8 2 5 7 6 3 1 8 3 5 2 9 7 2 6 3 5 0 2 4 6 1 5 0 2 8 9 5 3 4 7 8 0 3 9 0 9 9 2 8 9 0 0 0 0 3 9 8 9 8 2 4 3 5 0 1 7 
2 5 1 6 9 3 2 6 2 9 8 4 1 8 6 9 3 8 6 8 6 2 8 1 0 5 5 2 5 4 4 3 5 5 9 9 6 8 7 3 5 5 4 0 2 5 4 9 9 8 4 4 7 8 5 3 9 8 9 9 1 3 6 5 4 6 0 1 2 6 1 8 2 0 9 9 3 5 4 6 7 7 5 1 9 8 9 3 3 8 4 6 3 9 4 3 8 2 9 3 
9 1 5 1 1 0 0 4 8 4 3 4 5 9 7 1 5 6 5 6 9 4 0 1 3 1 3 8 9 9 6 4 2 0 1 4 7 9 2 5 2 6 8 6 0 0 0 4 4 1 7 5 1 8 1 8 6 0 1 9 3 3 2 0 7 8 6 8 5 6 5 8 4 8 3 2 3 0 4 7 7 3 7 5 4 6 3 1 2 0 0 9 4 0 5 4 1 0 0 9 
1 7 6 5 4 9 2 3 4 7 3 4 5 0 1 7 6 5 7 6 4 1 6 6 9 4 8 4 4 8 1 2 3 7 4 7 5 5 1 1 4 8 7 5 6 7 1 7 4 4 2 2 9 0 6 5 2 0 9 1 5 0 4 8 8 3 9 5 9 6 2 1 0 9 8 4 1 9 4 9 8 1 1 0 4 9 3 4 8 4 1 1 6 7 9 4 0 1 1 9 
7 3 0 7 4 0 2 5 0 8 5 0 2 8 1 6 9 6 2 9 2 6 0 9 3 0 5 4 3 9 3 0 4 6 7 9 8 1 6 8 2 3 1 4 4 2 2 3 8 4 5 0 0 5 1 6 7 7 0 0 8 5 2 2 3 2 3 2 3 0 2 7 5 3 3 9 7 5 5 5 2 0 6 4 7 9 0 7 6 2 7 6 0 0 9 3 2 4 7 7 
4 2 7 2 7 0 1 5 8 8 0 2 0 8 6 8 8 7 5 6 1 4 3 1 6 4 7 0 8 6 0 5 8 7 7 6 9 0 1 9 9 3 1 9 2 8 9 0 7 6 8 8 3 1 2 9 7 9 0 6 5 2 1 6 1 8 2 0 8 5 2 9 8 3 1 0 3 0 2 0 7 3 1 0 6 3 1 4 4 3 0 1 5 3 7 6 3 1 9 3 
8 1 3 7 4 4 9 8 6 4 0 5 7 1 7 3 6 9 7 2 2 9 6 0 4 5 6 9 7 7 3 7 8 8 4 5 4 4 3 0 8 5 6 7 9 3 0 7 4 0 0 7 1 6 9 6 1 5 7 0 3 0 8 3 8 4 8 4 0 3 5 8 9 3 7 8 6 8 7 3 0 7 0 1 5 1 9 9 6 7 9 1 9 9 7 0 4 5 4 4 
9 9 5 0 2 2 0 1 2 7 4 2 7 6 6 2 9 7 1 5 4 3 9 4 4 6 4 0 3 0 5 4 0 2 4 4 6 6 7 1 4 3 3 1 1 1 5 0 9 7 8 3 2 9 9 6 7 5 7 0 6 4 5 8 8 1 2 4 8 2 5 2 5 1 5 9 2 0 9 1 9 9 7 3 8 8 0 5 4 9 6 2 3 3 0 3 6 4 7 4 
6 5 8 4 8 3 3 0 6 4 4 7 4 3 1 2 1 3 0 7 2 8 9 7 1 9 0 7 4 9 4 2 4 2 6 2 8 1 5 6 6 1 5 2 4 6 4 5 9 6 5 3 4 4 0 7 6 2 7 2 2 1 4 8 5 3 3 5 4 8 1 2 1 7 4 5 5 1 2 7 9 7 0 4 4 3 1 0 5 8 2 9 1 6 8 7 1 1 2 6 
1 6 0 2 5 7 7 0 0 1 9 9 9 2 5 3 5 7 3 2 7 7 2 9 3 2 6 5 3 0 3 4 6 5 6 1 4 5 4 4 6 3 6 7 5 1 2 2 8 7 7 6 4 1 7 0 3 3 7 6 3 0 2 2 7 8 5 2 5 9 8 1 5 4 1 0 8 3 5 6 1 2 4 5 3 1 5 6 6 4 4 2 6 6 4 4 6 9 8 1 
1 6 4 6 3 5 8 1 9 5 9 2 7 6 9 2 9 7 0 6 1 4 0 8 2 4 2 8 5 0 1 8 8 6 4 1 3 5 4 2 0 4 6 0 0 6 4 9 3 5 7 4 9 7 2 4 1 6 2 9 8 6 7 7 2 4 0 7 1 5 2 3 9 8 5 1 4 0 0 7 5 8 4 6 7 6 0 1 5 5 0 3 1 9 2 5 5 3 2 8 
0 6 2 9 5 7 2 9 9 4 9 4 2 3 3 2 1 3 3 6 0 3 0 3 4 2 0 2 7 3 0 7 9 2 8 6 2 0 6 1 5 7 8 9 0 1 1 1 6 4 8 7 9 0 0 4 2 1 6 0 6 6 7 7 1 6 6 5 8 2 8 3 1 6 3 1 7 6 4 6 1 2 3 0 2 5 6 7 8 4 7 6 3 6 6 4 4 2 1 3 
4 9 6 5 6 1 8 5 8 2 1 1 7 6 1 1 4 0 8 2 4 7 1 7 4 7 3 0 9 4 3 5 4 2 2 2 5 0 7 3 4 1 6 1 7 0 5 3 0 3 8 4 3 9 4 9 6 9 9 5 4 5 2 0 7 4 2 4 6 9 0 0 2 6 4 2 6 9 5 6 4 3 3 9 2 9 8 0 8 8 7 2 5 9 4 4 3 6 8 9 
8 8 2 0 5 8 4 3 9 0 0 3 5 5 5 0 4 3 0 4 3 8 9 8 7 3 2 3 0 3 4 0 1 6 2 8 6 7 2 5 9 4 1 4 9 6 6 5 9 7 9 5 7 8 3 6 2 8 9 4 1 6 6 2 4 8 3 1 7 5 6 6 9 9 3 8 5 9 5 7 8 4 2 5 3 7 4 7 5 5 3 8 1 9 3 6 7 6 7 5 
3 5 3 2 5 6 2 2 8 7 1 8 1 3 4 6 3 0 5 0 5 8 9 7 7 4 3 5 0 2 2 3 7 7 7 4 4 9 7 4 8 8 2 1 4 8 0 9 8 5 9 6 4 0 3 1 4 8 8 6 2 0 1 9 8 8 6 4 9 5 0 9 3 2 1 9 3 1 0 3 6 0 9 0 2 2 4 9 2 2 5 4 5 9 6 5 7 2 1 9 
7 1 8 2 5 1 4 8 2 4 2 1 6 1 3 1 6 7 0 0 0 7 5 5 6 3 2 6 5 3 7 4 4 5 6 1 9 0 0 1 7 4 4 3 5 8 4 3 5 6 4 7 4 1 4 2 4 6 1 7 3 6 7 0 3 1 1 6 7 4 6 8 2 6 0 2 7 6 5 3 1 3 3 8 8 9 3 4 2 8 2 6 5 4 6 3 8 4 3 6 
0 9 3 9 9 4 8 2 6 5 2 9 9 6 9 9 1 1 4 6 3 1 1 5 3 7 5 0 6 2 9 3 6 6 1 1 1 5 6 4 7 3 2 9 8 5 8 3 7 6 8 7 9 4 3 0 7 7 0 0 0 9 8 7 2 5 8 7 0 5 9 6 0 0 7 1 8 4 8 8 9 3 3 3 7 4 1 4 1 3 5 5 1 5 6 3 0 9 5 3 
9 8 8 0 1 5 0 6 2 8 2 2 1 6 0 9 3 5 3 4 0 8 4 3 8 4 4 1 6 8 4 7 7 1 2 5 6 7 7 7 8 5 2 2 2 6 6 9 1 3 2 7 7 9 7 5 9 1 2 2 0 4 7 9 1 4 6 3 4 5 6 9 3 2 4 0 0 9 9 4 8 4 7 9 8 3 3 6 4 8 3 8 4 0 2 2 5 0 4 1 
7 5 2 7 8 7 2 9 7 2 3 9 6 7 1 0 0 1 1 0 3 7 3 4 4 8 1 7 7 5 6 4 4 4 8 1 0 2 8 8 3 0 5 7 4 4 5 0 9 2 3 3 6 3 2 6 6 9 3 4 3 5 9 3 5 3 2 7 7 3 9 4 7 2 7 0 9 1 3 9 9 6 1 1 9 1 8 4 4 9 1 5 1 5 3 1 4 6 6 5 
2 8 6 9 0 7 7 4 4 4 1 6 5 2 9 2 3 0 7 6 5 8 1 0 0 7 6 4 4 4 2 4 1 8 2 8 4 1 9 5 7 4 5 9 0 2 7 3 5 9 4 4 4 8 6 1 7 0 1 8 2 9 4 3 9 6 0 0 4 5 6 2 0 9 5 8 9 9 0 5 0 7 4 5 5 0 5 6 5 5 5 8 6 1 9 3 8 2 3 2 
2 9 2 7 4 5 9 2 1 6 0 8 1 5 9 0 9 8 3 8 4 4 6 2 5 0 7 9 4 7 9 7 6 5 4 7 5 3 5 1 9 2 2 9 0 2 9 4 1 0 2 9 9 9 6 7 3 4 2 6 3 0 9 6 3 9 8 4 5 9 3 1 0 3 7 5 7 3 7 5 6 8 0 4 0 5 5 6 1 2 2 9 9 3 4 4 3 5 8 4 
6 7 7 1 5 5 6 4 1 1 1 7 1 1 2 6 9 6 0 5 2 8 3 6 5 0 4 9 2 8 2 9 6 7 9 0 3 3 4 8 6 6 5 9 2 2 4 0 6 2 1 2 7 2 6 9 8 8 5 1 8 0 8 5 4 9 7 0 2 7 9 2 6 7 0 9 3 6 8 5 4 6 0 9 4 5 7 5 2 9 9 7 2 9 2 2 2 8 5 2 
7 6 0 4 6 3 0 2 3 2 6 0 6 7 5 4 3 0 2 6 0 3 8 1 1 1 4 5 4 6 4 6 4 1 3 5 7 7 1 1 5 6 7 3 6 0 1 9 5 1 9 6 2 9 7 7 4 2 9 8 4 1 2 7 1 7 3 9 1 0 7 8 6 7 4 6 1 6 3 5 4 6 0 2 2 2 3 1 8 5 7 6 6 5 1 7 8 1 5 8 
9 2 3 5 3 0 7 8 3 2 4 3 6 9 9 6 3 5 3 9 4 2 3 8 5 1 7 3 1 9 3 2 9 0 4 0 5 5 3 2 0 4 7 6 2 1 8 7 5 8 7 0 7 4 8 2 2 2 4 3 8 3 1 2 5 9 1 7 9 2 4 5 2 9 6 2 1 9 6 6 5 0 1 2 3 7 3 7 8 7 7 0 7 0 8 3 2 5 0 2 
3 5 8 9 5 2 9 4 3 5 3 0 2 5 2 7 3 4 8 1 3 6 7 7 0 1 1 8 3 2 3 6 3 5 6 9 3 7 5 3 1 1 7 6 8 4 1 1 4 1 0 5 7 7 0 2 1 0 0 1 0 6 7 7 7 2 2 9 3 5 9 2 4 6 2 6 6 6 3 2 0 4 7 6 1 8 0 5 3 2 0 5 9 5 6 9 6 2 4 5 
4 6 1 0 0 2 1 7 9 4 2 7 5 1 3 7 3 6 4 4 8 4 0 5 8 6 8 9 4 3 3 3 1 5 6 7 6 6 0 5 6 0 9 3 5 6 6 0 9 9 6 4 0 4 8 2 5 2 1 3 4 5 8 1 6 9 9 6 7 3 2 3 3 1 8 6 3 8 7 4 6 6 0 2 1 5 0 9 8 3 8 2 6 5 4 7 6 2 4 4 
3 3 7 6 9 0 1 7 1 1 5 6 0 9 2 7 3 1 6 6 4 2 7 8 2 4 4 7 6 9 5 2 3 7 5 4 1 5 2 8 3 4 9 9 9 0 8 5 7 4 8 5 8 2 1 5 5 8 3 7 7 4 5 6 0 4 7 2 8 5 8 7 2 8 2 2 6 6 6 6 0 6 5 1 8 9 9 0 7 2 7 3 1 7 1 7 7 3 7 9 
3 8 5 2 5 4 8 1 0 9 7 1 4 5 3 3 5 2 7 3 7 8 2 0 3 0 9 3 9 8 5 4 4 2 6 8 3 0 9 9 4 5 1 5 8 3 9 9 3 2 9 4 3 5 9 7 0 5 0 9 6 9 0 2 6 1 9 1 4 2 7 3 7 1 2 1 4 3 9 1 3 5 3 9 5 6 3 9 5 3 1 4 2 4 4 4 3 5 6 6 
1 8 8 5 4 6 1 1 3 9 7 7 7 2 6 7 4 7 1 0 0 5 1 4 4 7 2 8 8 8 7 8 7 2 8 5 2 3 9 5 6 5 9 3 0 1 2 7 9 9 7 1 6 5 5 2 9 3 6 5 9 8 7 2 0 6 6 1 5 9 4 9 1 0 3 0 1 6 7 2 2 4 9 0 2 5 7 4 0 7 5 0 4 9 8 8 9 3 1 6 
2 2 3 2 5 2 7 4 2 3 7 8 9 7 1 0 1 0 3 5 5 3 9 6 4 6 0 1 3 8 0 3 6 7 7 7 7 4 0 2 6 9 0 8 4 5 3 2 6 6 1 8 7 2 4 5 8 8 1 2 4 9 6 2 0 6 1 6 5 8 9 0 1 4 2 1 4 8 1 5 3 0 7 1 8 2 6 9 2 8 9 7 7 1 7 5 2 1 8 0 
4 5 5 6 2 6 0 7 4 0 6 7 4 2 1 0 7 7 3 1 4 7 9 4 3 4 8 9 5 1 0 9 6 3 2 4 5 0 3 9 1 0 8 3 6 1 1 3 3 0 3 7 2 9 2 3 9 1 0 1 1 9 9 0 7 1 4 4 7 8 3 7 3 2 3 5 9 1 2 1 7 4 7 2 5 8 8 4 5 9 5 6 7 6 7 3 5 9 1 1 
2 6 1 2 9 7 2 5 9 9 9 7 3 0 3 0 1 4 5 6 1 6 3 7 0 0 3 7 0 6 1 9 1 4 9 9 4 4 6 6 9 3 6 8 6 5 1 3 0 9 2 3 3 5 9 3 5 2 7 2 2 3 8 8 9 4 0 5 0 0 1 5 1 7 3 9 0 0 1 9 1 6 7 1 9 9 4 7 6 7 4 6 6 5 2 1 5 0 8 7 
6 2 9 7 0 0 8 3 6 1 3 6 3 1 0 7 4 0 7 3 8 6 0 4 4 4 8 5 1 4 3 9 8 1 6 7 6 1 8 5 2 9 7 8 5 2 4 5 7 1 4 5 6 7 2 7 0 4 6 2 8 3 3 7 3 3 3 7 9 8 8 8 4 1 1 8 3 5 4 1 9 6 1 0 3 5 8 6 5 6 1 0 3 4 1 2 5 6 3 1 
2 2 6 1 9 2 4 9 1 8 6 5 3 9 3 1 0 2 9 5 6 9 3 9 9 6 1 2 0 6 0 2 5 1 6 2 0 9 0 6 5 9 0 5 6 8 8 6 1 7 7 9 8 0 9 6 2 3 2 6 6 1 2 6 9 9 4 4 7 2 0 1 9 1 0 2 6 4 6 0 7 9 6 3 2 4 8 0 7 0 4 6 2 5 7 4 7 0 2 0 
4 4 7 4 6 6 6 8 2 2 8 2 8 7 4 3 8 2 8 0 1 3 6 5 3 0 1 1 9 1 9 5 8 6 1 4 7 3 9 0 4 2 8 0 5 9 7 0 6 0 8 5 4 5 8 2 7 1 8 3 3 1 6 8 9 6 0 6 1 6 9 4 7 9 9 2 8 8 9 3 4 7 3 9 7 7 9 6 4 8 3 6 6 2 6 7 0 1 2 9 
5 0 8 4 9 3 4 1 3 4 7 3 5 7 8 2 8 5 2 0 9 6 7 1 4 1 5 8 7 6 7 0 1 4 1 4 0 5 0 1 2 8 8 9 6 0 7 7 6 1 4 1 9 5 4 2 8 1 4 0 6 1 5 2 7 4 0 4 4 9 5 1 2 6 6 8 8 4 9 9 6 0 9 2 6 2 9 7 2 9 0 4 8 9 7 4 8 5 2 3 
8 7 7 9 0 0 5 7 0 4 2 1 0 6 7 9 2 8 4 8 5 6 9 6 9 7 6 7 5 3 3 0 3 5 5 7 6 9 3 8 5 2 2 0 7 0 8 1 5 2 2 5 2 3 5 8 4 3 6 7 3 0 2 9 9 0 2 3 2 4 4 7 9 4 1 3 9 9 6 5 4 2 2 1 8 7 3 4 4 4 4 4 6 9 8 7 4 6 1 5 

Matriz 2
8 5 0 2 4 3 7 3 0 0 2 4 5 4 7 0 9 4 5 4 2 2 3 9 6 5 7 4 3 9 4 4 0 6 0 2 2 8 4 3 1 1 1 9 0 0 0 2 5 7 9 9 8 7 4 5 7 6 6 9 1 4 3 6 7 6 9 7 0 0 6 6 8 7 7 6 6 5 3 7 6 9 7 2 6 4 0 7 5 4 0 1 2 0 1 5 2 0 7 1 
6 4 9 5 3 5 1 1 0 7 4 4 9 8 6 2 2 5 2 3 2 7 3 9 0 1 5 6 9 9 8 9 3 6 3 6 4 9 6 6 4 9 0 4 9 5 8 3 4 4 9 1 7 2 5 5 0 5 2 7 6 8 1 2 0 3 2 8 7 4 6 3 8 0 4 9 7 9 7 5 7 1 4 6 9 6 7 5 6 4 3 0 0 2 5 5 0 6 6 7 
3 4 0 8 8 1 5 1 4 1 1 8 5 7 8 5 1 6 0 9 1 1 4 4 6 0 5 5 3 9 1 0 9 6 7 4 3 0 9 6 6 0 4 5 8 2 8 6 8 5 3 4 0 1 7 7 8 0 8 9 7 8 3 9 7 2 5 0 2 4 0 6 2 6 5 6 6 3 4 1 7 1 3 0 8 2 9 0 1 0 8 1 6 7 8 7 7 6 8 0 
8 6 1 4 5 2 5 9 3 8 3 5 5 9 3 4 6 2 5 3 2 0 0 0 9 8 0 2 0 3 7 1 7 9 7 3 5 0 1 9 4 1 4 3 6 4 2 2 1 8 1 1 3 0 6 4 4 7 5 3 8 2 7 3 5 3 7 4 4 8 1 0 8 1 2 9 8 8 4 8 1 5 6 4 6 8 6 3 5 7 4 4 2 1 6 1 4 9 6 9 
4 2 0 2 3 6 8 9 2 8 6 7 3 5 3 9 9 9 9 0 5 2 1 0 2 0 6 3 6 9 4 8 4 0 8 4 8 2 2 7 7 6 5 9 4 3 7 8 2 8 7 0 6 8 9 8 8 1 6 8 0 4 8 4 4 2 9 6 4 5 5 4 0 2 0 7 3 7 1 8 4 7 6 8 9 6 3 9 6 9 7 5 6 2 4 9 8 0 4 9 
6 9 5 1 6 0 2 2 2 2 7 3 6 1 0 2 1 7 4 8 0 1 8 7 3 4 7 1 3 4 4 2 4 6 4 9 8 2 7 2 7 4 4 0 5 6 0 0 4 0 3 2 0 8 6 9 9 2 3 5 4 1 2 7 4 6 9 6 0 9 9 5 1 7 3 0 8 5 4 3 9 4 6 2 3 8 6 2 7 0 7 6 7 4 3 1 2 4 7 5 
5 8 0 7 7 3 7 7 9 3 2 0 7 8 2 0 7 1 4 6 1 1 2 8 8 7 0 3 9 3 8 5 5 2 3 1 8 2 7 0 5 2 6 1 8 6 7 7 4 9 0 0 2 7 1 6 2 4 8 2 2 3 3 2 7 2 4 5 4 1 6 7 5 5 7 6 9 7 0 3 2 3 8 0 2 1 5 1 1 5 8 9 3 3 6 7 6 5 1 0 
0 0 8 2 8 7 1 1 1 3 9 4 8 2 3 6 0 9 0 7 8 1 9 9 3 9 9 1 2 6 4 7 9 3 2 8 7 5 6 0 4 6 7 8 0 5 2 8 5 7 2 5 7 9 1 7 3 9 6 9 9 8 7 7 3 6 5 2 8 4 0 6 4 9 6 6 5 9 6 2 8 8 7 5 7 0 2 2 9 1 3 8 1 3 7 6 1 4 9 2 
1 8 6 3 4 2 0 9 3 3 2 0 7 4 7 6 8 9 3 7 2 7 0 6 4 1 6 3 9 6 6 9 6 9 9 4 0 9 5 1 0 7 2 3 3 2 8 7 1 6 1 9 1 2 1 4 6 0 7 3 6 5 2 2 3 8 5 0 8 2 4 1 4 2 0 1 0 3 7 7 8 0 8 3 0 0 2 9 6 5 4 3 7 5 0 7 2 8 4 2 
5 7 3 8 9 2 8 1 6 5 7 3 7 4 5 5 7 4 9 1 9 9 0 5 1 1 7 8 2 6 8 0 5 8 4 1 5 1 1 0 2 5 5 1 3 6 2 4 5 0 2 7 5 2 3 9 0 0 0 6 7 8 4 4 0 1 9 1 8 4 1 7 9 7 1 4 4 2 8 4 9 3 9 8 3 6 0 5 4 0 4 8 4 4 0 3 9 3 8 7 
5 8 7 3 5 7 2 0 7 9 2 4 7 4 2 6 3 9 0 6 3 9 6 8 7 9 6 8 0 2 3 9 9 1 7 7 5 8 1 6 9 5 2 6 6 7 6 0 4 9 3 8 1 0 2 3 4 4 1 9 2 7 1 9 2 6 5 1 7 7 0 2 6 8 2 5 1 0 6 6 5 6 9 5 4 3 6 7 5 1 5 1 7 8 6 6 2 1 9 3 
4 8 7 2 3 6 1 8 4 1 9 1 7 7 0 9 0 5 2 4 4 8 6 5 1 1 2 8 4 1 5 5 0 5 0 2 3 8 1 4 6 1 4 3 4 3 0 6 4 6 7 9 2 7 8 8 7 4 9 5 0 0 9 8 9 6 7 8 4 5 9 3 9 0 6 1 5 6 9 2 7 8 1 3 0 8 0 7 0 7 5 1 8 5 6 3 6 2 1 8 
4 3 8 8 8 9 8 9 5 5 4 2 3 1 8 7 3 8 8 6 0 4 6 6 3 1 5 2 9 6 0 3 0 0 8 7 7 8 9 0 4 4 2 8 9 7 2 0 3 4 0 6 7 8 1 8 6 9 2 6 3 7 3 4 9 0 7 8 3 4 4 3 2 9 5 0 1 1 0 8 1 2 8 8 4 9 1 1 6 2 3 5 4 2 8 4 5 3 1 5 
9 3 7 8 4 6 3 7 7 2 2 4 9 7 4 1 2 1 5 5 4 4 5 9 0 8 9 8 8 1 0 4 8 7 5 1 9 9 2 7 0 6 1 8 3 5 9 8 6 3 1 3 3 9 6 7 5 8 2 8 0 7 3 8 0 3 2 7 4 1 9 1 2 6 8 2 1 8 2 0 8 5 4 8 6 2 9 0 1 8 1 7 0 4 7 5 9 1 9 7 
6 5 6 4 0 7 5 6 0 9 9 3 6 3 6 3 3 2 2 3 4 5 4 3 3 4 6 9 5 6 0 4 1 8 4 2 9 9 8 3 5 3 8 7 5 4 3 3 0 7 8 4 4 4 9 8 5 1 7 2 7 9 6 0 8 2 3 9 1 1 2 8 5 3 5 2 9 9 7 9 8 5 5 2 1 4 2 6 7 9 8 6 6 3 3 5 1 0 0 9 
5 8 5 0 1 1 2 1 4 7 6 0 1 5 4 2 5 3 1 1 3 7 0 0 7 3 2 4 0 6 1 3 6 7 7 0 5 0 4 2 4 9 0 1 5 0 4 1 4 0 0 6 4 0 5 1 7 3 9 8 0 3 5 7 6 4 1 0 7 2 8 5 3 2 8 9 7 3 0 2 2 0 3 7 7 0 1 1 7 1 9 6 6 4 0 3 0 6 1 1 
9 6 7 9 8 7 7 4 3 0 8 6 1 0 6 0 3 0 1 0 6 4 3 0 8 1 3 5 1 6 7 1 0 5 3 0 8 9 0 2 8 2 3 1 2 5 7 5 8 7 7 4 0 8 6 2 2 4 6 3 1 4 3 5 4 9 7 6 4 6 2 1 9 3 8 7 4 6 3 9 2 9 6 8 1 5 2 9 9 4 9 9 2 4 7 5 4 7 9 5 
2 9 9 3 7 7 4 4 1 6 4 1 0 3 3 1 5 7 4 8 6 5 5 5 2 6 7 1 8 3 0 5 7 9 5 0 0 5 6 3 7 3 2 1 2 9 8 2 6 8 8 4 3 0 2 2 3 2 5 5 4 7 0 6 6 8 0 6 6 5 0 0 5 6 8 1 6 3 3 1 1 1 8 5 4 9 6 2 8 8 3 2 6 8 2 1 8 3 6 5 
0 1 8 5 0 1 0 6 7 7 6 7 5 5 3 8 6 0 4 8 5 4 5 7 5 2 7 4 2 6 0 9 7 4 0 3 8 4 4 7 5 3 8 7 2 2 7 9 6 6 4 1 4 3 4 0 0 0 4 0 2 7 3 7 8 0 0 2 2 2 7 0 6 2 4 9 3 5 1 1 8 0 5 5 0 7 7 3 9 9 0 6 7 0 5 0 3 4 5 7 
0 6 7 1 0 4 3 8 6 8 5 0 5 0 8 2 0 9 2 1 8 6 9 5 7 1 2 7 6 1 7 8 7 8 9 1 6 6 8 0 5 1 8 4 0 4 5 0 1 8 6 3 1 4 5 1 2 0 7 2 4 4 5 3 9 5 9 7 2 1 1 1 6 9 3 0 4 7 7 5 3 8 3 1 4 8 6 3 9 2 3 3 4 6 7 7 4 7 0 1 
4 4 4 9 7 6 4 7 4 7 7 2 0 7 6 0 7 6 6 0 8 0 8 0 8 8 2 3 9 6 8 7 8 3 5 7 7 1 5 6 4 3 2 2 5 0 7 5 5 8 8 6 2 7 8 3 9 6 2 4 0 2 4 5 8 2 2 9 1 5 6 4 9 0 4 6 3 1 0 7 8 7 7 7 6 0 1 5 6 2 7 0 6 1 2 2 4 0 5 4 
6 9 9 9 8 7 1 1 4 8 4 2 8 2 5 8 2 0 6 5 5 6 0 4 6 6 9 4 6 3 8 6 8 4 9 3 6 1 8 2 1 0 5 8 0 0 6 2 9 6 5 7 9 6 4 4 5 9 3 3 7 0 9 0 3 2 0 9 4 9 7 7 5 4 6 2 2 2 9 1 8 1 8 1 1 5 5 8 8 8 5 4 2 6 0 6 1 0 7 8 
7 2 5 5 4 7 3 6 5 1 6 8 2 2 4 1 2 4 8 8 8 4 0 4 2 2 5 9 4 6 0 4 8 3 6 4 6 0 8 6 9 7 3 5 0 9 6 7 3 3 0 1 3 5 9 3 5 5 7 7 1 1 0 4 9 1 2 8 4 0 9 0 6 1 6 8 6 4 9 4 7 7 9 9 8 8 2 6 4 8 7 4 4 0 3 0 1 5 6 4 
1 6 2 7 6 6 6 5 8 2 1 1 0 0 2 4 6 1 1 6 6 1 9 1 4 2 7 3 2 3 2 7 8 8 0 1 4 6 2 9 1 8 3 9 5 7 5 9 6 6 2 9 9 1 3 2 2 2 6 3 7 7 8 5 3 9 3 1 4 2 0 6 4 9 5 0 8 7 5 8 8 2 8 7 5 1 9 9 9 4 6 1 8 6 3 1 1 8 7 8 
2 6 7 2 7 9 4 7 6 8 2 0 6 5 1 7 3 2 9 4 0 7 9 2 7 6 2 7 0 8 2 0 4 2 9 0 0 6 4 7 2 6 6 6 5 2 2 6 2 7 0 6 1 8 0 9 6 6 0 4 1 4 7 8 9 0 3 6 6 5 9 2 0 1 8 0 1 8 9 4 7 0 1 0 4 7 9 6 9 5 5 5 4 0 3 9 1 3 1 2 
2 0 8 1 2 2 6 3 6 4 1 5 6 3 7 2 3 0 4 4 5 7 8 8 6 3 4 5 5 6 5 2 9 9 2 6 9 0 8 9 7 3 2 3 8 0 0 9 5 7 9 6 2 7 8 7 6 5 4 7 3 3 2 1 5 1 4 8 1 3 1 4 6 3 4 3 5 3 8 0 4 5 0 9 2 1 6 6 5 5 8 2 6 4 5 8 6 0 1 3 
5 8 4 3 5 6 0 3 4 6 1 8 5 3 7 2 8 1 2 6 0 1 4 6 9 1 7 5 6 1 5 0 9 8 8 0 6 8 9 8 0 6 4 7 3 2 4 4 1 7 1 5 0 8 0 6 4 1 3 0 7 0 3 0 5 7 2 7 5 5 0 2 6 3 2 0 6 4 6 6 4 6 9 4 4 9 8 9 9 8 3 5 5 8 0 8 2 8 1 4 
8 6 2 3 4 3 4 6 2 1 0 1 2 8 3 2 9 8 3 4 8 7 4 7 4 1 1 9 6 5 3 4 9 5 9 8 3 2 1 7 6 3 3 1 4 1 7 9 9 8 6 6 6 9 0 6 1 7 9 2 3 7 8 1 3 5 5 7 8 4 3 1 1 9 9 4 8 8 4 3 0 2 3 9 9 6 1 2 1 9 9 8 7 6 9 8 0 1 1 5 
3 3 3 8 0 8 3 2 6 3 1 7 1 2 5 4 9 6 2 7 5 9 0 2 2 3 2 0 5 4 5 0 2 7 0 6 8 9 8 2 4 9 7 5 4 4 2 6 6 9 7 4 8 1 9 9 0 8 7 8 2 8 4 2 2 7 4 3 5 4 6 0 7 3 6 5 4 8 3 5 5 6 1 6 6 9 2 0 1 2 6 3 9 1 1 2 8 8 3 0 
3 6 1 0 5 7 2 7 5 6 5 9 5 3 1 2 0 1 3 3 3 4 8 2 9 4 5 0 4 3 9 6 8 6 1 0 7 7 4 4 1 3 1 6 6 4 7 2 3 7 7 8 9 4 2 2 5 8 3 1 6 9 9 5 2 5 3 9 8 6 6 5 4 4 0 1 0 6 1 3 7 9 5 8 6 7 2 0 8 0 7 7 8 3 5 4 2 8 2 4 
4 9 5 3 9 3 3 8 4 0 1 0 2 1 5 4 0 9 4 7 2 7 9 7 1 8 6 8 0 2 1 2 4 5 8 4 3 7 0 6 3 5 0 2 6 4 5 9 8 2 1 7 4 0 4 8 7 7 4 9 7 8 2 3 6 3 2 6 6 1 0 7 1 5 0 8 2 8 6 9 7 3 6 1 4 6 7 6 1 5 2 1 7 1 9 0 7 5 0 3 
6 7 6 5 1 0 1 5 9 0 5 9 6 2 9 8 1 6 3 4 5 5 2 6 6 5 7 3 4 9 9 6 1 5 5 2 4 7 7 0 8 3 5 3 6 4 5 3 1 6 9 2 5 8 0 7 3 8 5 0 1 7 9 3 1 5 3 2 9 2 6 8 3 2 3 6 2 8 4 9 7 0 2 0 9 5 3 8 7 5 0 1 4 4 7 4 7 1 8 5 
5 6 1 3 2 7 5 2 9 7 0 6 3 2 2 9 0 7 3 6 0 6 9 7 7 4 4 6 2 7 1 5 4 0 1 0 1 1 0 3 5 9 8 8 3 0 2 5 2 9 0 1 6 7 5 3 3 5 4 5 7 5 7 9 1 2 8 1 6 3 5 3 7 1 1 3 8 0 6 0 1 7 3 6 0 8 9 6 3 0 8 2 0 4 5 3 7 0 3 0 
6 3 8 3 1 4 5 0 4 5 4 1 8 0 2 5 7 7 2 7 1 2 7 9 6 4 1 0 2 3 4 9 0 1 2 9 2 6 2 9 4 2 8 3 7 4 2 9 3 9 3 9 2 3 4 7 5 7 1 4 9 6 8 8 6 2 7 7 7 1 2 4 4 2 4 9 4 8 5 2 5 4 5 2 5 1 2 3 7 6 0 6 8 7 9 4 8 5 7 3 
9 2 5 5 1 6 0 1 2 4 8 9 1 4 2 5 7 0 2 0 8 7 7 9 7 8 2 1 2 6 3 1 8 3 3 8 2 9 5 8 3 3 8 7 7 6 4 6 5 7 0 5 2 6 6 0 5 0 8 9 5 6 0 3 1 8 3 9 2 7 8 4 1 8 5 0 4 5 0 0 6 9 6 2 8 8 5 2 6 7 2 2 9 5 0 7 7 4 7 9 
9 7 7 5 5 6 2 9 2 0 1 1 6 2 1 4 7 9 5 4 3 7 8 7 5 9 8 4 1 5 3 3 1 8 3 9 1 8 0 2 7 7 8 0 4 1 7 7 1 0 7 4 9 7 3 0 2 6 3 0 0 3 6 2 4 7 7 0 3 8 2 2 3 6 2 4 1 9 8 4 9 9 7 3 7 4 5 9 1 1 6 5 5 0 1 6 9 0 0 8 
0 1 4 8 2 7 2 0 1 2 2 1 2 6 7 1 0 5 6 4 2 3 5 7 1 2 4 7 4 9 1 6 1 6 4 3 1 0 8 7 1 2 8 0 4 9 3 1 5 0 0 1 1 7 5 8 3 8 4 1 2 6 0 8 0 9 6 1 4 9 8 9 5 6 5 6 4 7 4 0 7 9 0 9 0 6 8 7 8 7 4 6 0 8 8 1 0 9 3 4 
3 1 8 8 9 9 9 1 7 1 1 6 0 4 2 5 3 0 9 9 9 6 7 2 3 2 6 4 5 2 8 9 5 7 1 7 0 7 4 6 4 3 8 7 3 4 5 8 1 3 6 2 1 1 0 2 8 4 8 6 8 8 3 8 3 4 5 4 9 3 2 2 4 7 2 2 8 5 2 3 3 7 1 2 7 0 7 0 7 2 2 6 9 6 2 6 2 3 7 1 
5 2 8 3 7 1 0 6 6 3 5 0 4 7 9 1 4 8 2 9 0 5 7 9 0 8 1 1 8 8 1 9 1 6 1 5 0 9 6 1 3 4 3 4 6 0 1 5 0 1 8 7 9 5 2 6 5 1 6 0 4 0 4 8 1 2 1 9 2 9 5 7 4 7 3 4 9 1 6 5 8 9 1 9 9 2 6 3 4 0 9 4 4 6 8 8 5 1 8 8 
0 5 6 0 7 1 6 1 4 6 0 3 1 1 1 6 3 0 5 4 4 8 6 9 5 4 2 4 6 0 7 3 5 0 6 3 3 9 5 4 6 2 7 5 9 7 5 4 6 6 1 9 6 7 9 2 9 3 1 2 4 8 7 5 0 9 5 5 2 4 5 8 2 1 1 5 0 9 4 6 2 3 3 7 3 8 3 1 6 6 2 4 0 0 7 6 9 0 0 7 
4 8 6 1 8 4 3 3 8 2 9 6 6 0 2 4 4 8 4 4 3 3 8 5 3 3 7 1 3 5 0 6 3 1 1 4 7 1 8 3 5 9 7 7 0 5 7 8 8 2 5 1 5 2 2 4 4 6 0 7 4 4 5 6 7 1 3 5 4 6 6 0 6 6 5 2 0 0 9 4 2 3 5 9 3 9 0 4 1 5 2 8 1 7 6 2 0 0 3 6 
3 4 1 7 2 2 6 1 4 8 5 3 3 2 2 2 3 2 6 5 0 7 2 9 9 2 9 9 9 0 3 4 4 9 3 3 4 7 8 1 3 5 9 5 8 1 8 2 8 6 2 5 8 3 7 6 6 8 5 6 1 1 2 2 4 5 9 1 5 7 2 2 1 3 3 9 7 9 9 1 6 7 9 7 9 2 3 6 3 7 2 5 5 7 8 8 1 1 1 4 
2 0 3 3 3 9 1 0 7 0 8 7 7 9 1 3 6 4 0 7 8 1 5 9 1 4 8 1 1 9 1 3 1 2 7 8 3 2 5 5 8 3 2 0 4 4 9 7 2 0 8 9 9 0 5 9 2 3 2 5 6 3 9 6 1 3 8 6 0 8 1 4 0 6 0 7 7 0 9 8 7 6 6 5 0 7 8 5 1 8 8 3 5 1 7 6 2 8 1 5 
4 1 3 4 8 0 8 6 2 5 3 7 7 5 3 9 9 8 9 7 2 6 2 6 2 7 9 5 7 9 8 6 6 2 3 8 0 7 6 3 7 9 3 5 4 7 7 9 1 0 3 9 7 1 6 6 8 0 5 9 5 0 2 3 2 0 1 7 2 5 4 7 7 4 9 2 0 0 5 1 0 9 7 5 5 5 1 4 4 9 7 1 2 0 2 1 4 9 5 8 
8 8 9 6 3 5 1 6 4 7 0 3 3 5 8 4 4 5 8 5 8 6 4 6 4 2 6 2 3 5 4 9 2 2 7 0 0 7 2 8 8 7 1 8 3 9 9 0 6 2 5 7 7 1 0 5 2 1 1 9 0 3 6 6 4 2 2 0 7 4 0 1 4 1 8 1 0 1 2 3 7 6 9 8 2 5 0 7 7 7 7 6 9 7 0 8 3 2 9 4 
3 9 7 7 0 0 7 8 1 7 1 8 9 1 0 7 6 1 3 5 0 6 5 9 7 8 3 0 5 1 3 7 4 5 3 2 5 8 5 7 5 8 5 0 9 5 8 8 1 6 8 8 5 6 0 7 2 0 3 9 6 0 2 4 3 7 1 1 8 6 4 2 5 8 2 6 6 6 7 9 7 9 5 6 6 8 9 8 4 8 2 0 4 0 7 5 7 2 6 9 
3 3 8 1 9 9 1 7 9 7 9 7 7 1 3 3 8 3 6 6 4 9 9 9 0 4 5 4 5 5 6 8 1 1 7 6 5 7 0 5 5 9 9 9 6 7 0 8 0 3 5 9 4 7 7 1 4 9 0 9 7 8 3 4 0 5 3 9 1 5 8 7 9 0 4 8 4 4 5 7 0 1 7 3 6 9 2 9 0 2 7 5 6 0 2 1 3 9 9 2 
9 6 1 9 3 0 6 7 7 3 7 6 5 9 5 1 7 5 3 1 8 7 1 7 1 2 6 3 1 9 5 9 8 2 7 9 5 1 3 3 5 1 2 1 9 5 9 6 9 0 4 8 3 1 9 5 7 4 9 8 9 0 8 7 9 6 8 5 7 4 3 2 7 0 9 8 6 8 3 0 7 8 2 4 6 3 0 0 2 6 1 3 4 3 7 7 4 5 3 5 
0 2 0 4 3 3 6 0 3 8 8 6 7 5 1 1 1 5 1 3 0 2 5 4 4 5 5 0 1 1 3 3 8 2 2 5 1 8 1 3 2 0 2 2 9 9 8 3 3 0 1 1 2 2 7 5 4 4 1 9 2 3 5 2 6 0 8 7 1 1 9 8 8 5 4 0 7 7 4 3 8 9 6 3 1 4 5 3 4 0 7 3 5 4 2 2 6 9 0 1 
6 6 6 0 4 0 6 1 8 4 8 4 7 9 3 9 0 9 2 6 8 1 7 3 4 8 5 6 5 7 4 6 7 6 8 5 4 3 1 6 9 4 0 3 2 1 0 0 4 6 8 8 2 8 8 5 6 7 5 5 7 9 9 7 2 6 8 8 6 9 7 4 0 1 0 5 2 4 0 2 3 6 1 4 9 0 4 6 6 9 0 7 1 4 1 0 0 9 4 2 
1 5 9 4 6 1 9 5 6 7 9 2 7 6 4 7 8 8 8 8 8 6 9 9 6 5 1 3 1 3 4 6 4 0 5 5 0 0 1 9 1 8 3 9 5 8 6 3 6 6 3 7 2 4 6 0 9 9 6 5 5 9 8 7 8 4 8 2 8 6 3 1 7 0 9 3 0 2 4 8 5 7 2 1 4 1 7 8 2 6 3 0 4 4 4 3 6 2 6 7 
8 9 0 1 2 5 2 8 1 4 5 5 8 6 2 9 4 2 7 3 7 0 8 3 3 8 7 0 2 7 6 4 6 9 8 2 5 4 1 0 3 3 0 9 8 8 6 1 6 6 7 2 8 8 3 3 5 7 1 6 7 0 4 0 4 9 1 2 7 3 6 7 3 9 0 0 1 8 8 1 9 3 7 7 9 4 5 1 5 1 1 6 6 0 2 6 7 3 6 9 
4 9 7 3 6 4 0 2 4 2 3 8 9 9 9 8 7 9 0 9 5 2 3 1 4 2 0 3 0 0 7 0 1 8 0 1 2 1 4 1 7 0 1 0 0 8 0 5 9 3 8 2 1 3 5 3 3 3 7 5 9 3 8 0 2 0 8 7 5 7 6 9 9 6 5 4 9 4 9 2 0 4 5 3 9 4 0 7 2 9 4 9 2 1 8 8 3 9 7 8 
1 0 9 5 0 3 9 0 3 3 4 3 2 9 5 8 4 8 2 7 2 0 2 1 5 8 6 5 4 9 7 9 9 1 8 2 5 5 7 7 4 4 2 7 5 0 5 2 0 6 5 1 5 4 2 6 5 5 7 2 4 2 0 6 6 7 3 8 4 0 6 0 6 7 7 6 5 2 0 2 4 4 7 9 9 7 8 3 5 3 1 4 9 4 6 6 4 5 5 1 
0 5 9 5 4 4 2 0 5 2 2 3 6 0 6 1 1 9 7 5 0 0 8 1 7 2 5 3 6 1 8 7 0 7 4 7 7 4 1 0 7 0 2 6 5 0 8 4 9 1 9 6 3 1 6 3 8 6 2 3 9 7 4 0 2 7 9 9 3 8 2 2 4 1 6 0 8 7 6 5 2 9 8 9 6 1 1 5 0 7 9 4 3 7 1 8 8 9 7 2 
7 6 0 1 5 1 0 0 6 8 2 3 4 1 2 8 1 4 1 9 5 3 4 9 2 1 3 1 6 4 4 1 3 7 7 8 4 7 4 4 1 8 2 2 9 7 5 3 9 4 1 2 3 3 9 9 3 8 5 4 0 8 7 4 4 1 7 3 2 0 3 9 9 4 5 8 0 4 8 2 5 1 0 5 3 4 1 9 8 9 8 8 0 0 5 3 3 2 0 5 
4 6 8 1 9 8 9 2 4 9 3 3 7 5 8 8 9 0 6 2 7 0 4 0 2 1 6 9 6 8 2 2 6 7 1 6 5 3 2 9 4 6 3 2 7 4 5 4 8 0 2 1 7 1 7 4 0 9 8 7 1 8 2 1 7 3 5 4 6 0 8 0 0 0 6 6 6 2 6 6 4 7 6 5 6 0 2 8 5 2 3 5 8 4 0 8 1 2 3 7 
4 7 3 5 6 6 9 3 1 4 1 3 2 4 0 8 0 8 0 3 0 2 7 0 9 6 7 2 5 6 7 0 9 3 5 6 9 5 8 8 0 3 4 2 8 9 2 7 7 7 0 9 1 1 0 6 0 0 1 8 0 5 2 0 6 0 2 1 1 3 1 4 1 4 8 3 9 8 8 4 9 4 7 8 7 4 1 9 9 1 7 9 7 9 5 5 9 5 5 3 
6 8 7 8 8 0 7 7 7 6 3 4 3 6 2 4 6 1 2 1 0 0 4 1 2 4 5 6 3 0 5 5 9 4 6 8 7 6 7 7 5 9 9 3 3 5 8 5 3 0 1 4 1 7 2 5 4 1 9 2 9 1 6 8 3 7 9 9 5 4 1 5 3 3 0 9 6 1 1 6 3 9 5 6 3 1 4 9 2 1 2 7 1 1 4 2 5 0 3 3 
8 2 6 2 0 1 4 4 5 3 4 7 8 6 5 4 8 0 5 1 5 9 7 0 0 6 3 0 8 3 3 0 6 1 2 2 7 4 4 8 1 6 8 0 5 5 8 3 0 3 0 6 7 3 1 2 4 9 8 6 9 9 2 7 7 4 5 2 0 1 9 3 2 1 4 9 4 7 3 0 5 4 0 6 1 3 1 6 0 9 0 5 1 7 3 2 8 0 8 4 
6 2 7 6 6 7 0 5 7 5 6 7 3 8 9 3 7 5 0 2 3 3 0 0 9 8 2 6 0 7 1 4 6 8 3 0 1 4 5 3 6 8 6 8 9 4 8 6 1 5 2 4 1 1 4 5 3 5 8 6 9 7 0 4 6 7 2 0 6 6 2 3 2 4 9 3 5 9 1 0 5 4 1 9 8 6 2 1 5 3 1 8 3 7 1 2 8 0 9 9 
5 5 3 4 2 8 5 4 0 3 8 4 2 4 1 6 1 6 6 8 0 4 4 7 3 5 7 5 1 7 0 1 1 2 5 5 9 6 6 5 9 7 1 3 7 2 7 1 1 6 3 7 0 4 8 3 4 7 3 5 4 1 6 8 0 1 7 1 2 3 7 1 7 7 1 0 0 2 6 4 6 7 3 6 4 3 1 6 6 8 8 5 7 1 7 4 5 2 7 0 
4 6 0 1 2 6 3 9 8 7 2 6 6 4 0 8 9 2 8 2 8 9 9 5 4 0 8 5 1 7 6 7 6 8 0 9 4 3 0 5 3 5 0 6 9 4 5 6 4 7 7 8 3 5 3 5 4 5 1 3 0 1 5 2 2 3 4 2 1 5 6 9 3 2 6 3 9 0 8 5 2 7 2 8 2 6 9 3 3 1 6 4 1 6 6 7 6 6 3 4 
1 6 6 2 2 8 1 3 4 9 7 8 1 6 6 9 3 0 3 1 7 6 5 2 5 1 7 0 1 2 4 6 8 3 3 0 2 6 1 1 4 2 9 3 6 3 3 1 9 9 1 3 5 6 9 9 5 0 0 5 1 9 1 4 2 3 0 2 8 6 0 4 8 7 6 6 3 1 6 6 2 2 9 7 2 1 8 6 1 8 5 8 2 4 0 1 8 5 0 9 
3 6 1 6 4 8 2 1 4 5 7 7 0 8 5 6 6 5 9 0 9 6 1 1 6 5 2 3 4 0 0 3 0 9 8 6 5 6 7 8 6 6 3 4 1 9 7 4 2 2 4 3 5 6 4 6 2 1 2 2 0 0 5 5 4 2 5 2 4 9 3 2 5 6 6 1 1 3 7 9 0 4 9 1 5 8 4 9 3 2 5 5 1 3 2 0 4 1 4 8 
1 4 7 5 5 5 8 1 7 6 2 6 7 8 6 2 9 6 7 5 2 8 8 4 8 4 5 4 4 7 3 4 9 1 3 9 4 6 3 4 3 0 6 7 9 2 7 5 0 4 8 2 2 3 6 7 2 6 1 1 6 0 2 1 4 1 4 4 6 5 6 4 2 6 3 1 0 4 8 7 4 9 7 0 0 1 4 6 3 2 2 6 3 6 5 0 2 5 1 1 
0 2 5 4 3 8 6 9 3 4 6 5 6 4 7 7 0 7 2 2 8 0 8 8 6 4 3 6 0 7 8 1 5 1 6 8 8 3 0 5 7 4 5 5 0 7 0 7 9 9 9 6 3 0 5 3 1 0 5 0 0 3 3 0 9 0 7 6 4 2 7 4 8 5 5 9 5 6 2 9 0 7 2 3 6 4 0 4 0 4 2 7 3 9 2 2 4 2 8 1 
5 3 4 5 3 1 5 3 5 6 5 2 9 8 1 0 6 7 9 5 9 9 4 5 1 6 3 6 0 5 7 9 9 1 3 1 3 5 1 1 2 6 0 6 4 4 6 0 2 6 6 4 3 4 1 8 8 9 0 3 7 9 5 2 8 0 2 1 2 9 8 2 4 4 8 8 4 7 9 3 8 8 9 9 2 3 1 9 6 5 3 2 4 2 2 6 6 7 2 3 
2 6 7 2 1 4 4 7 7 7 6 3 3 0 9 5 8 3 1 8 5 2 2 0 9 7 5 3 1 1 2 0 8 8 8 1 8 7 1 4 2 7 6 3 2 5 8 3 9 1 1 6 6 5 7 5 4 4 0 7 5 3 8 3 1 6 7 1 5 8 7 9 7 3 2 1 1 2 6 2 6 7 8 2 5 7 9 9 1 1 7 8 4 5 4 8 3 1 1 1 
1 9 0 0 4 5 1 5 9 8 7 5 7 8 9 2 7 8 2 9 0 1 9 6 6 3 6 1 6 8 4 7 9 5 7 5 2 1 3 1 9 0 9 8 0 8 1 8 9 5 9 9 6 8 7 4 2 4 7 8 4 2 8 5 7 7 0 9 8 3 2 9 6 3 8 6 2 1 6 1 6 5 2 4 4 9 8 8 5 5 6 9 7 6 4 6 4 7 7 2 
0 2 4 8 5 2 5 9 5 3 2 1 9 4 7 5 6 5 3 3 2 9 3 2 8 9 0 2 6 8 6 9 2 0 7 7 4 4 7 9 8 9 2 9 6 9 4 4 6 7 7 9 8 2 3 6 4 3 8 2 3 7 1 5 9 1 3 4 7 2 5 5 3 8 6 1 9 0 5 6 9 5 7 8 9 0 6 3 5 7 6 9 4 9 4 3 2 9 9 0 
1 5 7 5 5 4 6 4 6 4 2 6 1 9 4 0 1 2 6 9 9 4 8 3 5 2 9 8 2 8 8 5 5 7 2 0 1 9 7 8 5 9 6 6 1 2 8 4 4 4 3 4 8 3 9 4 6 8 2 0 7 2 7 2 9 0 5 3 1 2 3 6 3 9 4 6 3 2 3 7 7 6 3 7 0 3 1 8 1 5 0 0 9 9 5 1 9 0 6 0 
4 9 8 9 0 2 6 3 7 9 2 4 7 6 3 9 1 7 9 4 4 1 5 4 1 2 7 0 2 3 3 8 2 3 7 4 6 3 9 5 4 1 1 4 9 4 5 2 1 5 7 6 8 4 2 9 6 9 2 0 2 7 8 6 0 5 0 8 9 9 3 5 2 4 9 4 9 7 6 2 2 5 0 2 9 2 2 7 1 6 7 5 3 5 1 3 1 1 2 2 
2 7 7 7 2 9 1 3 6 9 7 0 7 8 2 8 0 6 6 4 2 3 9 7 1 1 3 2 4 7 6 7 4 5 4 8 4 7 1 2 8 9 4 5 7 9 6 9 7 2 3 2 7 3 9 8 4 2 2 0 9 8 7 6 4 3 4 0 2 8 5 1 9 1 8 8 0 4 7 0 8 1 2 8 6 3 6 2 8 1 2 9 9 0 5 5 5 2 6 0 
0 3 3 9 4 1 7 7 8 6 7 8 7 1 6 5 6 5 7 4 6 0 4 7 2 1 3 9 3 9 9 3 4 2 4 8 6 3 7 4 0 4 4 9 7 1 5 4 8 2 8 4 4 4 1 6 6 4 6 1 5 7 7 9 0 1 0 6 5 7 2 5 4 6 4 1 9 1 7 7 4 8 1 8 2 5 7 0 1 5 4 7 2 1 8 4 4 8 0 9 
8 2 6 2 1 3 5 2 4 3 0 0 1 3 9 5 0 8 8 2 5 2 9 7 3 9 2 7 0 4 9 8 9 7 2 2 0 9 4 7 4 4 7 7 0 8 3 0 6 1 2 3 5 3 1 0 5 5 9 5 1 8 5 0 8 7 4 0 8 9 7 3 5 5 0 5 3 5 8 2 8 0 5 3 6 8 3 1 5 3 6 9 3 3 1 3 2 6 4 0 
5 1 3 0 8 6 6 4 1 4 6 0 6 3 3 2 4 9 5 1 4 3 0 9 6 2 3 8 8 7 9 5 0 4 5 9 0 3 3 2 9 1 2 8 6 7 2 0 6 8 4 0 1 6 0 0 8 5 8 8 2 9 5 2 4 1 3 6 6 6 8 6 7 2 6 6 2 8 8 8 6 2 1 0 9 3 0 9 0 0 0 2 2 5 6 8 8 2 4 5 
8 5 3 8 9 9 4 1 7 2 2 6 7 5 8 8 0 0 7 0 0 9 4 2 5 2 2 3 4 7 0 3 2 3 3 3 4 9 5 2 1 7 0 0 4 8 8 4 8 6 4 0 7 8 5 2 0 7 8 5 4 0 0 8 4 5 2 8 4 9 2 7 6 4 8 0 2 6 4 0 4 0 3 2 8 8 6 0 5 6 7 2 7 9 0 3 4 4 3 0 
3 6 8 1 2 8 1 5 4 7 7 1 9 0 5 9 8 3 2 6 0 9 8 9 1 0 2 7 5 5 8 8 3 8 0 6 6 3 1 2 3 0 3 4 1 0 4 1 4 6 7 6 7 5 5 8 6 7 6 3 4 6 1 8 6 3 4 2 9 7 6 4 9 2 8 0 2 2 2 8 8 1 4 8 7 9 6 5 8 4 8 3 2 1 1 8 7 7 2 6 
6 9 0 5 1 8 8 3 3 2 2 3 3 8 1 0 8 0 7 6 4 7 9 9 9 2 7 8 9 2 4 7 1 6 3 2 6 3 7 9 5 1 5 8 0 6 1 8 6 8 6 3 8 8 2 7 0 1 7 2 3 1 9 6 9 4 8 7 7 8 7 2 9 4 3 9 2 4 9 1 4 6 4 2 6 8 1 6 1 8 8 7 1 0 3 0 4 4 8 4 
2 7 8 1 1 1 3 5 5 2 6 0 0 0 2 6 0 6 5 2 4 3 1 6 5 4 8 0 8 8 6 2 5 4 4 8 6 9 4 1 3 0 3 4 3 8 2 5 4 7 9 8 3 0 6 8 7 5 0 5 3 6 8 1 3 4 1 9 3 7 0 8 8 6 2 3 4 7 8 8 6 0 8 1 0 5 2 7 2 4 5 7 3 5 0 6 1 2 5 6 
9 7 4 9 3 9 4 7 6 5 7 4 5 6 6 5 3 8 5 7 2 0 6 7 5 7 3 6 1 8 4 2 6 8 4 1 7 8 1 3 3 8 8 8 6 6 6 1 6 1 0 0 3 7 8 0 6 1 8 9 0 2 1 8 0 5 9 8 4 2 3 9 1 3 0 9 9 6 1 5 9 1 6 4 0 4 4 8 7 2 7 7 4 1 7 6 6 9 4 2 
1 0 2 4 3 4 4 5 0 5 0 1 8 8 5 1 4 1 1 2 3 9 1 9 0 9 7 8 8 4 1 1 4 5 6 7 9 0 2 1 7 5 4 7 3 1 8 8 2 0 2 5 1 3 6 3 2 3 1 2 7 4 4 3 9 2 1 0 2 5 3 1 2 7 8 8 8 9 8 2 1 0 7 2 3 5 5 6 1 8 0 8 3 4 2 4 8 5 7 0 
2 0 1 7 0 2 5 0 1 3 3 2 3 2 6 6 0 3 4 1 1 5 1 6 1 5 3 0 2 0 2 5 2 6 4 4 8 9 5 9 4 0 3 7 4 9 5 4 4 2 5 7 9 9 6 2 4 9 4 7 1 7 4 3 3 8 0 1 7 7 2 3 7 7 0 1 8 7 8 2 1 5 1 2 4 7 5 9 6 9 6 9 6 2 5 1 0 5 4 9 
2 8 2 1 5 4 4 3 3 2 7 5 8 9 7 2 6 2 3 5 4 1 6 0 3 1 4 3 6 8 2 0 7 4 1 4 8 6 8 4 8 7 9 8 8 8 3 5 1 6 2 7 8 8 7 3 0 3 7 8 2 1 1 1 8 2 5 8 0 5 2 1 3 3 9 1 2 4 8 5 1 2 2 1 3 1 4 5 5 3 3 7 7 4 0 7 9 5 5 9 
1 0 2 6 3 4 9 5 8 0 0 1 2 2 2 5 4 9 0 9 4 6 8 3 2 8 0 3 5 6 5 8 6 7 4 9 1 6 7 2 6 7 3 0 2 8 8 8 7 8 9 3 6 9 7 1 7 7 6 4 5 1 3 3 1 9 5 4 5 2 6 3 1 0 4 5 8 2 3 7 2 2 2 1 1 9 4 0 9 0 5 4 4 0 8 5 9 3 1 7 
7 8 0 8 0 6 4 0 0 9 9 3 4 1 6 5 3 0 8 2 0 5 8 4 5 8 1 4 3 3 3 2 3 4 1 5 2 7 7 3 8 6 6 2 9 2 0 4 4 8 8 4 3 9 1 8 7 4 4 3 7 8 5 2 4 8 9 6 7 6 9 6 4 7 8 4 1 8 0 5 8 9 2 1 8 3 1 7 9 6 0 9 6 6 1 0 4 1 6 2 
7 8 8 4 5 8 0 7 9 0 4 7 1 6 1 9 1 2 7 1 0 9 0 6 5 3 6 2 4 5 4 4 3 4 8 0 4 8 9 3 8 4 1 0 0 4 1 4 6 0 5 7 0 7 5 7 0 4 9 5 9 5 1 4 1 9 4 6 9 4 9 9 0 2 1 2 6 3 6 5 5 1 4 7 8 9 5 1 3 6 6 4 2 7 8 3 8 5 1 7 
9 1 8 1 5 0 3 4 5 0 9 0 3 3 8 4 4 5 5 8 1 3 4 3 2 3 9 0 8 0 9 9 3 9 0 9 9 3 5 4 5 4 7 1 9 5 5 3 2 2 3 3 5 8 9 9 3 8 1 1 0 0 2 6 1 2 5 1 7 2 7 5 6 4 6 7 1 3 0 5 5 6 9 2 6 8 1 9 8 2 2 8 4 4 4 5 8 1 8 5 
3 6 2 1 2 8 8 6 3 1 1 8 7 2 2 3 0 3 4 8 5 6 9 1 0 3 7 8 7 5 5 0 3 8 4 8 8 2 6 4 5 7 2 2 0 7 7 2 0 1 1 8 7 0 9 9 5 8 7 2 6 5 5 1 5 1 9 5 3 5 9 9 5 2 3 7 9 3 1 1 4 2 9 4 4 1 3 2 1 1 6 7 6 1 9 3 2 0 8 8 
8 8 9 5 2 4 4 3 7 5 4 2 0 6 8 4 9 1 8 0 2 5 0 0 8 1 3 3 1 2 3 1 2 2 6 4 8 2 7 6 8 1 0 8 9 8 4 8 9 3 1 4 8 1 6 6 2 2 1 5 4 4 9 8 6 7 2 7 0 9 3 8 2 3 6 4 3 0 2 2 5 5 8 3 6 5 2 0 7 3 8 3 8 7 1 6 4 5 3 6 
4 8 4 8 3 2 2 6 5 7 1 0 2 1 6 9 6 8 1 5 3 9 8 3 8 1 0 3 6 5 1 2 6 6 1 9 0 3 8 5 0 9 6 3 0 4 4 9 2 5 4 7 5 5 1 5 6 3 8 5 0 0 7 6 8 8 6 8 4 4 6 6 5 4 9 7 8 5 8 2 1 3 9 8 0 0 3 8 5 4 3 6 6 1 2 6 1 0 6 5 
4 2 4 1 6 3 1 4 1 9 8 4 4 8 4 4 0 9 3 6 3 6 4 1 9 6 7 3 9 4 0 3 8 4 7 5 0 8 1 1 7 0 5 2 0 9 8 0 8 1 8 4 0 2 5 1 1 5 4 0 1 5 5 9 1 4 6 1 2 8 2 2 0 9 4 0 8 2 0 9 6 1 5 8 5 2 9 6 7 4 8 0 1 6 2 2 0 8 6 5 
8 8 7 8 8 3 8 8 7 1 9 3 4 4 1 9 7 3 8 6 9 6 7 2 4 9 4 5 9 0 0 8 1 9 6 1 2 7 1 9 8 1 5 2 7 8 3 6 3 1 3 2 0 2 4 4 3 1 1 2 3 1 0 4 2 7 7 4 4 9 6 4 2 3 8 1 3 3 8 7 5 1 9 5 3 6 1 6 7 3 0 0 6 1 5 9 0 4 3 4 
3 1 0 7 6 0 9 0 3 7 7 0 0 8 5 5 4 7 3 1 0 3 4 6 4 1 7 4 5 1 0 1 4 2 8 1 2 9 3 8 6 0 8 6 0 6 1 7 5 4 8 7 8 2 3 4 5 3 9 1 4 1 2 0 4 2 3 8 2 6 6 0 8 7 7 9 3 0 6 8 7 6 5 7 1 0 3 6 3 2 9 9 6 1 2 0 4 5 8 8 
2 7 8 0 4 7 1 9 8 7 7 7 6 4 6 9 4 9 5 0 4 5 1 0 8 3 0 4 9 0 2 1 9 1 3 3 8 5 2 8 4 1 7 0 5 3 9 2 5 7 2 9 4 3 1 2 9 1 7 8 3 1 1 3 4 4 8 5 9 3 5 4 4 3 6 2 8 8 6 3 5 0 4 9 5 5 3 4 8 2 2 4 4 3 9 8 8 7 3 9 
2 9 3 9 4 2 1 4 0 9 0 5 9 4 6 4 2 9 9 2 2 3 6 8 7 5 8 7 3 2 6 7 3 2 6 9 4 9 3 4 8 3 1 7 8 9 2 2 8 3 4 2 6 1 2 5 6 1 2 1 5 1 1 8 3 7 7 9 7 0 3 5 6 6 3 4 5 7 8 5 2 2 0 8 5 4 6 2 5 8 5 0 9 6 0 4 6 7 3 3 
0 8 0 6 4 3 2 1 2 0 9 6 4 1 7 0 5 3 4 1 1 1 3 3 0 4 7 6 1 1 9 3 9 9 1 6 5 3 9 9 5 8 6 0 9 3 0 5 6 4 8 9 5 1 2 5 5 0 3 9 3 2 4 2 4 6 0 1 9 0 2 5 8 0 7 0 3 7 7 1 3 5 3 0 8 5 8 6 7 1 5 2 6 1 7 0 7 7 3 9 
7 5 4 8 8 3 0 3 2 7 5 5 4 0 5 2 7 3 0 5 7 5 9 3 7 6 5 6 4 8 5 3 5 1 3 3 4 3 9 6 0 6 3 6 6 9 9 3 4 9 0 1 7 0 4 6 6 9 4 0 9 0 6 7 1 9 2 8 3 1 4 5 7 8 2 3 9 3 9 5 4 9 7 3 9 3 9 8 5 6 0 6 6 6 3 9 6 8 7 1 
1 4 6 9 4 8 4 5 1 5 0 6 5 7 9 6 3 1 4 8 9 7 6 5 3 0 6 1 0 6 2 1 0 1 2 6 9 7 1 3 4 1 1 9 1 2 8 6 5 4 4 4 1 0 1 5 2 8 8 4 4 1 6 6 4 8 2 3 7 3 8 2 6 9 3 9 4 1 5 9 6 1 4 9 4 7 4 8 5 3 3 1 6 9 7 0 9 1 5 9 

Resultado
1869 2386 2131 2107 1972 2073 1796 2026 1992 2063 2031 1822 2239 1975 1987 2042 1901 2162 2030 2141 1822 2108 2332 2286 1875 1969 2292 1855 1858 2095 1903 2141 2269 2261 2002 2074 2056 2546 1896 2056 2161 2100 2024 2262 2094 2375 2401 2211 2096 2024 1947 2270 2025 1798 2167 2155 2057 2068 2115 2208 1950 1962 1933 1937 1960 1980 1914 2151 2131 2132 2096 1869 2210 2100 2167 1944 2011 2194 2414 2015 2342 2043 2382 2124 2100 2144 1949 2329 2048 2053 2051 2153 2228 1770 1789 1851 2127 2018 2155 2202 
1980 2540 2249 2115 1979 2182 1892 2149 2096 2288 2062 1866 2285 2079 2211 2396 2072 2264 1957 2181 1805 2241 2373 2197 2155 1958 2238 1815 2027 2291 1975 2180 2173 2348 2022 2051 2167 2459 2099 2038 2300 1948 2031 2196 2256 2300 2509 2271 2220 2386 2145 2336 2309 2004 2207 2383 2083 2219 2348 2138 2081 2018 2249 2144 2083 2169 2108 2292 2280 2300 2223 2004 2373 2205 2343 1970 2212 2295 2472 2034 2358 2275 2285 2353 2334 2354 1981 2415 2317 2286 2204 2325 2250 1872 1948 2166 2341 1988 2207 2401 
1914 2362 2099 2002 1832 1951 1699 1842 1905 1983 1916 1597 2104 1780 1798 1887 1861 2012 1980 1957 1604 2085 2199 2207 1870 1738 2111 1863 1823 1922 1861 1939 1946 2101 1865 2056 1946 2257 1869 1884 1981 1868 1752 1871 2282 1990 2161 1927 1994 1955 1848 2228 1946 1811 1834 2350 1963 1928 1767 1896 1800 1917 1959 1916 1747 1781 2004 1984 1958 2131 1906 1866 1925 1972 2103 1754 1935 2035 2258 1921 2264 2181 2208 2119 1977 2024 1757 2212 2002 1948 1923 2021 2082 1756 1887 2002 1997 1653 1865 2056 
1782 2240 2097 2012 1770 1818 1654 1869 1894 2053 1720 1542 1930 1890 2012 2025 1738 2237 1806 1850 1705 1979 2073 2100 1935 1706 1900 1782 1737 2067 1779 1879 2100 2040 2092 2059 1963 2292 1976 1884 2008 1960 1718 1832 1971 2158 2183 2043 1941 1933 1766 2185 1806 1805 1897 2217 1947 1791 2050 1833 1744 1893 1959 1858 1901 1896 1991 2076 1951 2030 1730 1925 1963 1931 2013 1979 1956 2069 2111 1840 2088 1920 2149 2178 1981 1981 1600 2140 2113 1905 2041 2181 1987 1728 1789 1884 1841 1662 1819 1970 
1948 2579 2476 2158 2253 2331 2056 2097 2357 2291 2240 1984 2394 2166 2150 2297 2066 2215 2224 2236 2062 2238 2570 2347 2118 2022 2410 2113 2060 2489 2211 2340 2452 2403 2195 2257 2298 2534 2216 2207 2345 2377 2138 2275 2150 2417 2433 2347 2371 2313 2246 2382 2271 2292 2312 2419 2126 2305 2253 2169 2210 2334 2360 2353 2111 2178 2326 2458 2312 2431 2305 2025 2373 2124 2377 2169 2313 2357 2546 2227 2384 2344 2467 2383 2490 2398 2295 2462 2339 2183 2182 2520 2120 1897 2030 2132 2265 2086 2320 2308 
1880 2592 2378 2147 1909 2158 1837 2026 2210 2165 2021 1979 2180 2114 2179 2378 1834 2193 1983 2066 1906 2174 2362 2105 2217 2025 2301 1877 1964 2153 1900 1948 2282 2279 2180 1971 2322 2469 2152 2043 2349 2056 1920 2254 1958 2375 2304 2162 2228 2196 2061 2322 2185 2012 2158 2294 1889 2184 2178 2142 2101 1923 2174 2036 2006 2115 2052 2318 2212 2358 2054 2043 2225 2190 2132 1952 2075 2120 2459 1942 2168 2036 2372 2359 2262 2291 1873 2363 2109 2218 2008 2301 2159 1954 1914 1907 2117 1810 2223 2200 
1808 2195 2001 1936 1982 1861 1747 1682 1933 1895 1975 1785 2041 1958 1957 1878 1863 2049 1903 1797 1788 1800 2009 1945 1846 1603 1966 1746 1694 2032 1920 1909 1991 2040 1889 2078 1923 2132 1873 1972 2062 1845 1682 1920 2081 2191 2110 1980 1983 1856 1888 1854 1734 1652 1932 2141 1821 1810 1997 1966 1919 1841 1899 1846 1932 1711 2067 2133 1976 2043 1807 1762 2088 1744 1940 1928 1912 2024 2279 1951 2083 2035 2055 2009 2179 2010 1701 2143 1953 1839 1847 1977 1890 1672 1718 1833 2026 1853 1929 2019 
1557 2013 2009 1795 1639 1793 1453 1669 1791 1863 1836 1514 1955 1717 1851 1821 1628 1901 1511 1933 1459 1924 2041 2138 1705 1686 1957 1498 1844 1891 1616 1959 1946 1991 1650 1838 1797 2146 1862 1785 1765 1801 1718 1750 1929 2036 2104 1830 1856 1875 1823 2011 1854 1627 1889 2101 1727 1849 1896 1903 1657 1855 1681 1880 1686 1766 1840 1849 1896 1797 1814 1752 1959 1801 1925 1728 1866 1991 1933 1721 2169 1791 2032 1969 1868 1899 1806 2066 2023 1900 1718 1923 1773 1580 1773 1696 1718 1582 1874 1955 
1829 2225 2172 1991 1929 2001 1828 1772 2068 2033 2071 1843 2131 1923 1933 1995 1922 2060 1807 2116 1872 2192 2460 2316 1963 1877 2019 1864 1897 2083 1871 1952 2171 2064 1770 2111 2077 2185 1994 2117 2136 1864 1983 1898 2178 2165 2109 2139 2010 2199 1921 2338 1892 1855 2104 2183 1971 2067 2132 2106 1981 1960 2053 2197 1917 2004 2167 2215 2048 2114 2101 1911 2218 1944 2127 2012 2184 2204 2320 1827 2207 2188 2181 2179 2116 2103 1864 2183 2119 2024 1972 2075 2160 1802 2073 1923 2100 1894 2126 2070 
1932 2346 2083 1985 1742 2051 1748 1860 2044 2180 2093 1766 2157 1903 2033 1978 2001 1940 2054 1847 1729 1989 2260 2138 1967 1875 2075 1783 1762 2178 2038 2014 2260 2154 1981 1956 2131 2405 1896 2057 1968 1999 1925 2097 2146 2087 2225 1948 2061 2002 2020 2202 2059 1982 2047 2118 1913 2115 1933 2055 1818 1845 1967 1785 1960 1921 1944 2199 2046 2142 2214 1898 2231 1848 2067 1924 1849 2057 2380 1936 2353 2229 2243 2231 2033 2178 1745 2327 2112 1956 2069 2304 2114 1693 1688 2042 2016 1928 1985 2019 
1719 2205 2101 1999 1743 1876 1603 1737 2013 1922 1705 1782 2108 1934 2038 2088 1721 2037 1790 2016 1700 1900 2177 1950 1976 1738 1955 1746 1753 2031 1788 2059 2115 2047 1829 1899 1930 2120 1997 2002 2036 1862 1777 1916 2030 2190 2231 1929 2036 2055 1813 1910 1916 1801 1854 2222 1803 1897 2016 1896 1871 1859 1782 2074 1880 1782 1918 1880 2043 1951 1829 1813 1982 1929 2095 1801 2025 1991 2202 1744 2190 1796 2109 2095 2058 1958 1959 2018 2135 1924 1915 2044 1939 1700 1822 1823 2035 1847 2008 1975 
1756 2072 2155 1636 1728 1692 1693 1803 1811 1859 1860 1633 1914 1718 1747 2015 1749 2072 1890 1954 1664 1765 2182 2045 1970 1826 2138 1651 1724 2083 1899 2064 2086 1919 1788 1856 1719 2155 1882 1951 1929 1791 1686 2038 1911 1937 1951 1878 1806 2057 1928 2046 1806 1791 1630 2019 1854 1905 1782 1749 1699 1896 1926 1773 1786 1715 1722 1983 1958 1996 1860 1682 1884 1964 1925 1619 1839 1901 2188 1950 2203 2050 2148 2021 2118 1891 1676 2234 2004 1978 1757 1908 1843 1686 1561 1834 1670 1702 1964 1878 
1734 2154 2257 2163 1874 1968 2004 1946 2079 2000 1946 1799 2195 2042 2105 2152 2033 2118 1891 2075 1758 2175 2258 2159 1978 1934 2049 1933 1913 2172 1797 1907 2206 2157 1933 2112 2168 2325 1960 2184 2156 1885 1930 2005 2290 2111 2298 2227 2110 2077 2024 2254 1921 1971 2039 2369 2081 2118 2219 2187 1701 2082 1817 1970 2044 1922 1941 2146 2108 2130 2258 1862 2163 2061 2401 1956 2247 2204 2364 1943 2260 2222 2222 2298 2097 2030 1980 2342 1942 2060 2133 2285 2162 1757 1996 2021 2122 1896 1999 2172 
1860 2359 2095 1957 1981 1859 1770 1860 2099 2095 1867 1740 2208 2013 2086 2197 1949 2138 1913 2056 1713 2102 2072 2194 2031 1943 2060 1749 1876 2059 1879 1954 2184 2132 2014 1960 1980 2235 1982 1908 2064 1910 1860 2113 2231 2146 2060 1960 2090 2272 1905 2269 2055 1969 1935 2302 1997 2119 2035 2101 1869 2202 2039 2081 1908 1865 1939 2049 2154 2180 1964 1982 2043 2014 2158 1912 2047 2178 2276 1855 2188 1925 2187 2042 2317 2044 1957 2222 2033 1980 1969 2125 1986 1758 1801 1976 2116 1743 2080 2097 
1792 2354 2167 1931 1938 2053 1862 1876 2104 1959 1897 1821 2092 1974 2034 1974 1838 2157 1920 2196 1677 1868 2395 1997 2012 1877 2140 1912 1919 2091 1793 1986 2173 2169 1873 2042 2098 2377 2089 2059 2199 1977 1872 2068 2012 2121 2083 2058 1982 2090 2008 2095 1738 1881 2038 2264 2003 1902 2090 2114 1918 1785 1914 1960 1934 1839 2126 2281 1975 2127 1979 1923 2048 1969 1967 1729 1963 1926 2262 1956 2258 2064 2077 2060 2101 2033 1815 2256 2045 1943 2023 2069 2112 1817 1829 1927 1935 1753 1977 1895 
2002 2386 2248 2131 2052 2228 2055 1881 2251 2254 2039 1967 2149 2115 2062 2264 2008 2105 2142 1981 1987 2124 2369 2149 2170 1927 2349 1930 1945 2291 2072 2107 2395 2244 2148 2015 2289 2420 2213 2315 2184 2178 1995 2176 2291 2389 2472 2111 2156 2281 1980 2281 2265 1961 2161 2353 1932 2309 2075 2264 1905 2223 2109 2036 2027 1987 2176 2101 2170 2247 2133 1926 2214 1997 2173 2055 2028 2250 2393 2067 2381 2252 2379 2319 2361 2231 1926 2362 2222 2027 2164 2360 2184 1936 1887 2090 2129 1836 2144 2149 
1674 2020 1956 1679 1641 1869 1431 1706 1853 1752 1691 1602 1898 1894 1934 1671 1678 1917 1701 1748 1522 1753 1994 1748 1887 1572 1758 1633 1781 1904 1712 1884 1907 1970 1782 1679 1751 1979 1714 1829 1903 1612 1608 1755 1789 1880 1909 1673 1704 1848 1822 1857 1565 1728 1780 1949 1656 1662 1770 1770 1601 1627 1597 1747 1671 1590 1849 1956 1834 1769 1670 1728 1772 1612 1892 1500 1794 1842 1850 1689 1930 1719 1918 1901 1923 1769 1626 1944 1872 1705 1825 1782 1750 1689 1602 1826 1741 1666 1875 1669 
1856 2231 2194 1938 1859 1946 1707 1862 1936 2044 1803 1652 2035 1922 2025 2014 1835 1992 1829 1897 1570 2016 2159 2117 2102 1801 2070 1844 1724 2101 1725 1907 2089 2258 1937 1839 1938 2350 1770 1992 1930 1846 1900 1899 2052 1980 2221 2026 1924 2031 1829 2127 1782 2027 1987 2090 1808 1959 1898 1893 1732 1879 1839 2012 1755 1932 2047 1915 2007 2090 1825 1836 2000 1918 1991 1917 1979 2138 2157 1890 2191 2104 2185 2144 2045 1989 1842 2347 2091 1895 1952 2119 1897 1741 1776 1963 2048 1717 2103 1915 
1678 2106 1974 1835 1770 1927 1716 1750 1867 1955 1877 1547 2014 1867 1921 1920 1805 1939 1801 1770 1723 2032 2059 2041 1868 1799 1919 1874 1572 2101 1584 1816 1922 1938 1896 1769 1813 2198 1675 1904 1961 2064 1747 1992 1946 1983 1987 1908 1920 1912 1795 2111 1848 1807 1829 1964 1668 1924 1871 1976 1504 1732 1730 1700 1931 1698 1762 1809 1932 1882 1989 1701 1937 1886 2133 1740 1680 1867 2261 1821 2119 2030 1989 2085 2021 1945 1649 2300 1877 1800 1859 1968 1964 1817 1700 1720 1805 1524 1896 1922 
1710 2303 2106 2067 2081 1977 1883 1823 2029 2060 1919 1678 2120 2006 1966 1974 1829 2250 2029 2071 1618 1932 2349 2138 2073 1788 1935 1844 1871 2056 1818 1988 2095 1917 1966 2019 1900 2288 1997 1979 2075 1909 1758 2047 1910 2278 2086 2152 2137 2085 1986 2072 1928 2092 2017 2255 1999 2065 2009 1878 1868 1847 2108 2121 1950 1800 2050 2388 2018 2205 2122 1805 2201 1944 2106 1789 1896 1949 2328 1929 2139 2337 2120 2143 2044 2025 1849 2159 2061 1978 2154 2178 1979 1657 1836 1827 1824 1915 1982 1919 
1877 2352 2169 2069 1973 2084 1928 1931 2089 2076 2046 1926 2183 2126 2159 2204 1968 2177 2060 2186 1855 1891 2301 2064 2071 1861 2163 1933 1877 2264 1924 1886 2338 2228 1924 2060 2171 2252 2035 2089 2164 2040 1978 2224 2118 2229 2246 2179 2208 2152 2033 2144 1868 1856 2165 2180 2011 2083 2199 2166 1906 1979 2112 2050 2017 1940 2193 2107 2101 2140 2104 1813 2162 1895 2181 1972 2000 2136 2297 1916 2253 2122 2180 2131 2204 2046 1815 2248 2179 2020 1963 2259 2064 1728 1824 2003 2054 1865 2161 2052 
2100 2607 2331 2322 2013 2358 1980 2243 2118 2333 2327 1943 2257 2113 2203 2167 2163 2449 2293 2177 1883 2285 2398 2323 2246 2012 2295 2041 2075 2366 2144 2364 2223 2466 2287 2214 2233 2562 2206 2196 2407 2162 1941 2395 2298 2489 2326 2156 2199 2312 2235 2467 2134 2207 2383 2396 2238 2089 2212 2260 1990 2220 2136 2195 2075 2197 2304 2518 2279 2385 2278 2099 2413 1956 2372 1973 2220 2276 2402 2126 2439 2456 2501 2429 2421 2424 1873 2524 2412 2232 2368 2379 2316 1865 1893 2085 2248 2104 2301 2287 
1970 2485 2285 2074 1975 2141 1825 1922 2032 2079 2040 1852 2336 2118 2090 2186 1925 2143 2004 2201 1770 2043 2404 2277 2095 1905 2183 1840 1875 2209 1924 1955 2148 2299 2044 1953 2144 2419 1952 2037 2157 1982 1906 2062 2291 2193 2224 2119 2141 2123 1983 2177 1973 2006 2179 2390 2033 2162 2109 2175 2009 2037 2056 1968 1936 1967 2219 2280 2179 2209 2182 1981 2144 2060 1995 1961 2005 2225 2374 2007 2398 2118 2251 2226 2214 2120 1895 2326 2089 2144 2115 2198 2281 1847 1839 2079 2213 1969 2044 2097 
1975 2411 2309 2156 1996 2224 1893 2109 2082 2027 2141 1906 2218 1951 2057 2274 2035 2022 1992 2095 1734 2190 2336 2038 2061 2051 2210 1855 1975 2076 1962 1942 2098 2343 1995 2088 2285 2500 2083 2194 2232 2156 2056 2007 2387 2282 2378 2234 2030 2059 1968 2390 2034 2109 2171 2281 2051 2176 2094 2218 1876 1923 1944 1913 1889 1999 2195 2206 2097 2151 2240 2124 2085 2038 2142 1833 2190 2168 2260 2107 2330 2162 2383 2162 2170 2163 1954 2519 2217 2000 2177 2217 2231 1784 1976 2064 2214 1915 2105 2310 
2025 2487 2153 2080 2072 1933 1924 1906 2152 2133 2051 1910 2046 2141 2183 2187 1933 2210 2111 2071 1956 1961 2211 2141 2101 1683 2228 2017 1885 2193 2049 2009 2294 2298 2045 2014 2047 2361 2153 2211 2216 1990 1928 2064 2115 2329 2356 1999 2210 2140 1979 2205 2069 2026 2201 2284 2127 2123 2268 1983 1936 2063 2210 2098 1967 1971 2217 2217 2188 2221 1963 1979 2281 1996 2158 2043 2024 2104 2374 2093 2332 2241 2249 2184 2241 2114 1788 2494 2256 2166 2053 2284 2181 1793 1887 1979 2040 1911 2042 2195 
1869 2393 2331 2125 2048 2222 2038 2004 2106 2275 2297 2009 2345 2126 2068 2319 2123 2366 2104 2245 1927 2336 2483 2307 2176 2090 2316 1845 2023 2449 2093 2221 2313 2231 2110 2216 2239 2506 2169 2231 2242 2308 2123 2154 2357 2353 2533 2318 2157 2409 2155 2542 2292 2152 2313 2470 2188 2389 2161 2268 2009 2190 2210 2245 2057 2054 2171 2223 2291 2356 2367 2016 2446 2081 2366 2186 2103 2324 2554 2080 2395 2399 2443 2540 2347 2336 1936 2628 2306 2252 2276 2447 2194 1867 2042 1988 2449 2006 2221 2356 
1726 2224 2145 2036 1843 1929 1779 1909 2030 2024 1904 1759 2077 1893 1861 2053 1806 1980 1827 2013 1692 1971 2183 2170 2052 1817 2119 1839 1802 2057 1935 2076 2113 1941 1980 1947 1973 2205 1925 2095 2021 2001 1922 2016 1923 2100 2312 2023 2065 1901 1864 2201 1926 1716 1919 1978 1922 1994 2049 1945 1829 1871 1980 1956 1965 1876 2085 2012 2088 1953 2091 1884 2107 1810 1871 2086 1881 1973 2195 1920 2334 1945 2194 2295 2078 1935 1769 2261 1980 1965 1928 2048 1929 1663 1877 1794 1910 1755 1994 1994 
1769 2289 1979 1689 1758 1841 1604 1748 1867 1854 1916 1741 2084 1853 1775 1966 1899 1806 1759 1953 1628 1802 2060 1929 1806 1716 1966 1616 1744 1904 1651 1781 2048 2062 1727 1733 1876 2055 1943 1905 1903 1779 1657 1835 2052 2040 2035 1824 1802 2046 1853 1967 1803 1757 1862 1943 1819 1912 2030 1946 1876 1782 1805 1867 1706 1937 1866 2047 1918 1823 1996 1799 1910 1802 1925 1598 1949 1981 2146 1741 2041 1983 1935 1801 2047 1988 1844 2010 1924 1921 1709 1893 1930 1621 1678 1860 1829 1736 1837 1916 
1926 2333 2307 1955 1858 2125 1795 1979 2044 2143 2069 1690 2242 1885 1972 2180 1956 2157 1964 2032 1703 2321 2329 2294 1945 2038 2123 1883 1972 2190 1866 2101 2208 2196 2153 2120 2126 2368 2055 2075 2158 2049 1961 2040 2284 2303 2288 2017 1942 2116 1887 2333 1924 2055 2060 2250 2040 2172 2099 2081 2004 2134 1949 2084 1949 2079 2069 1985 2110 2070 2216 1979 2038 2040 2167 1875 2018 2209 2323 1970 2435 2023 2260 2188 2176 2218 2027 2357 2402 1949 1963 2202 2108 1770 2040 2074 2265 1831 2125 2259 
1901 2461 2218 1994 1940 1997 1789 1901 2070 2142 1923 1831 2190 1955 1941 2027 2040 2015 2000 2155 1768 2043 2359 2325 2066 1846 2204 1851 1880 2191 1982 2093 2219 2139 1899 2096 2045 2223 1869 2078 2123 2017 1868 2017 2222 2063 2209 2225 2156 2141 1958 2302 1935 1831 2060 2315 1978 1908 1988 2190 1907 1954 1959 2032 1946 1836 2115 2201 2063 2068 2038 1951 2158 1917 2128 2034 2042 2043 2185 1899 2285 2218 2276 2257 2004 2031 1829 2272 2087 2138 2134 2113 2151 1827 1720 1970 2098 1843 2195 2053 
1571 2128 2021 1686 1649 1761 1570 1788 1785 1901 1680 1458 1933 1898 1864 1852 1569 2158 1845 1790 1561 1742 2270 1911 1850 1751 1929 1625 1672 1890 1711 1881 2070 1925 1813 1806 1856 2041 1771 1928 1898 1714 1555 1905 1927 2065 1996 1869 1887 1811 1799 2059 1816 1763 1750 1969 1860 1878 1789 1883 1512 1701 1863 1742 1891 1715 1697 1986 1884 2002 1797 1657 1890 1823 2047 1531 1775 1919 2125 1566 2050 1978 1917 2108 1959 1966 1671 1978 1960 1792 2018 2010 1956 1661 1618 1768 1870 1731 1760 1925 
1885 2375 2319 2213 1853 2078 1802 1895 2069 2212 2060 1833 2283 2103 2148 2199 2067 2179 1938 2096 1785 2118 2304 2331 2009 1871 2094 1789 1860 2369 1962 2154 2237 2268 1921 2261 2160 2358 2236 2099 2135 2130 1898 1985 2351 2208 2243 2111 2105 2194 2079 2267 2086 2046 2170 2401 2004 2123 2175 2152 1870 2051 1956 2122 2014 1919 2103 2278 2129 2109 2108 1968 2250 2123 2331 2015 2196 2158 2318 1952 2298 2198 2152 2325 2264 2101 1985 2309 2213 2135 2089 2323 2182 1819 1940 2055 2180 1879 2097 2184 
2039 2630 2397 2259 2151 2237 2005 2148 2294 2331 2102 2066 2582 2253 2134 2401 2265 2334 2130 2447 1972 2418 2582 2537 2166 2135 2481 1914 2016 2354 2209 2321 2471 2287 2172 2384 2234 2678 2095 2299 2259 2175 2050 2210 2553 2615 2589 2362 2239 2320 2029 2577 2233 2077 2180 2639 2149 2386 2202 2196 2283 2252 2253 2263 2079 2148 2237 2324 2491 2274 2251 2286 2426 2301 2387 2162 2324 2396 2724 2221 2648 2430 2533 2446 2392 2365 2171 2733 2347 2387 2191 2368 2364 2007 2112 2227 2374 2236 2232 2200 
1961 2395 2278 2087 2089 2025 1938 1882 2179 2137 2089 1898 2289 2152 2141 2146 2091 2261 2059 2166 1864 2182 2299 2324 2110 1828 2372 2031 2034 2421 2037 2144 2183 2176 2167 2265 2165 2307 2183 2167 2277 2149 1994 2106 2282 2276 2326 2276 2093 2051 2123 2343 2067 2027 2265 2496 2089 2221 2142 2060 2023 1938 2188 2175 2023 2035 2262 2363 2127 2153 2172 2055 2234 2006 2154 2142 2161 2165 2493 1990 2372 2274 2366 2376 2244 2159 1865 2490 2196 2207 2148 2378 2271 1883 1856 2100 2067 1931 2149 2142 
2077 2481 2357 2224 2030 2068 1967 2147 2303 2281 2185 2080 2573 2339 2236 2357 2192 2533 2023 2312 1864 2345 2465 2506 2314 2213 2415 2025 2124 2375 2144 2382 2357 2387 2211 2283 2294 2587 2201 2351 2399 2164 2021 2275 2329 2551 2566 2260 2254 2234 2254 2557 2211 2089 2173 2452 2159 2188 2275 2341 2012 2147 2124 2320 2101 2098 2249 2280 2348 2385 2351 2185 2314 2148 2269 2227 2378 2286 2517 2187 2607 2305 2488 2495 2449 2411 2109 2538 2264 2242 2275 2383 2291 2052 2159 2151 2318 2219 2421 2387 
1813 2310 2037 2014 1880 1817 1792 1834 2036 1963 1812 1696 2042 1906 1934 2071 1971 2091 1799 2016 1737 1988 2206 2149 1988 1722 1959 1664 1812 2117 1651 1910 2155 2061 1990 1893 1870 2216 1954 2053 1882 1947 1910 1971 1954 2176 2228 2121 1967 2017 1804 2200 1918 1741 1767 2035 1877 1793 2232 2078 1837 1821 1917 2041 1882 1930 2037 2063 2033 1988 1845 1777 1992 2008 2039 1864 2195 2000 2209 1893 2164 1921 2162 2040 2021 1981 1881 2169 2049 1917 2043 2065 2021 1742 1796 2006 1787 1775 2076 2057 
1953 2350 2361 2207 2098 2236 2154 2005 2314 2373 2279 2123 2345 2197 2219 2329 2181 2181 2099 2298 2136 2266 2547 2467 2293 2117 2317 2004 2006 2437 2001 2272 2403 2230 1991 2234 2265 2408 2226 2393 2320 2159 2137 2334 2444 2401 2476 2360 2333 2518 2272 2292 2264 2115 2345 2425 2268 2480 2378 2333 2082 2348 2217 2287 2225 2074 2193 2427 2301 2288 2376 2197 2463 2276 2376 2377 2397 2326 2494 2149 2430 2477 2407 2468 2443 2279 2104 2547 2241 2362 2165 2415 2235 1919 2104 2016 2247 2032 2190 2315 
1798 2268 2046 2011 1836 1858 1790 1671 1965 2278 2031 1884 2056 1926 1939 2193 1968 2098 1940 1853 1767 2019 2183 2071 2131 1824 2184 1632 1791 2123 1875 1984 2231 2016 1951 1992 1948 2288 1962 1996 2030 1927 1898 2100 2198 2211 2185 1998 2005 2083 1949 2179 1925 1802 1976 2193 1905 1912 1833 2123 1782 1993 1910 1822 1789 1887 2001 2072 2025 2179 1940 1846 2093 1971 2140 1839 1987 1995 2268 1952 2148 2191 2356 2120 2057 1996 1770 2301 2143 1985 2018 2237 2013 1778 1527 1908 1866 1960 2048 1996 
1854 2202 2062 2081 1673 1997 1756 1719 1900 2120 1910 1867 1952 1975 1958 2077 1875 1943 1963 1985 1790 2073 2167 2196 2033 1795 2316 1775 1807 2056 1860 2063 2201 2109 1888 1836 2052 2396 2084 1991 1972 1821 1946 2017 2045 2141 2210 1918 1976 2154 1919 2038 2012 1949 1901 2240 1872 2005 1929 1962 1778 1821 1911 1943 1810 1858 1961 2026 2046 2029 1944 1854 2118 2150 1934 1906 2027 2014 2238 1948 2242 2078 2269 2197 1976 2187 1881 2232 2168 2163 1945 2123 2075 1827 1822 1894 1956 1773 1945 2039 
1976 2192 2290 1952 1888 2143 1581 1959 2023 2103 2007 1794 2147 2142 2179 2125 1925 2365 1942 2063 1819 2147 2237 2289 1908 1947 2147 1898 1931 2234 1942 2046 2193 2176 2009 2064 2053 2382 1848 1985 2205 1967 1960 2099 2056 2245 2249 2134 2118 2051 1857 2225 2047 1955 2212 2272 1993 2101 2085 2183 1910 2152 2022 2061 1910 1934 2074 2147 2092 2187 2065 1943 2221 1897 2059 2137 2079 2226 2311 1885 2327 2033 2329 2312 2255 2240 1846 2369 2046 2101 2079 2213 2032 1742 1872 2059 2249 1932 2131 2182 
1747 2310 2115 2029 1926 2034 1771 1870 2113 2187 2049 1772 2224 2087 1890 2157 1986 2204 2000 2076 1703 1967 2242 2283 2004 1859 2074 1759 1974 1978 1796 2129 2023 1891 1950 2015 1971 2291 1757 2066 2124 1877 1786 2180 2072 2287 2227 2052 2113 2158 1913 2220 1904 1790 2048 2162 2055 1967 1911 1986 1853 1924 2029 2245 1811 1827 2051 2191 2073 2215 1958 1796 2272 1876 2084 1932 1894 1905 2350 1985 2125 2039 2197 2274 2097 2013 1855 2403 1984 2206 1969 2019 1854 1712 1819 1853 2008 1957 2049 2044 
1941 2434 2563 1995 2114 2248 1830 1926 2164 2133 2183 1952 2208 2135 2313 2197 2019 2457 2079 2211 1909 2120 2364 2360 2103 1886 2352 1986 1853 2319 2132 2179 2274 2206 2109 2167 2148 2507 2017 2136 2288 2050 1919 2064 2294 2237 2364 2086 2211 2171 2069 2416 2005 1971 2123 2412 2082 2179 2042 2187 1897 2156 2043 2148 1908 1969 2239 2194 2286 2197 2124 2020 2281 2115 2265 2016 2154 2105 2276 2232 2334 2228 2478 2432 2335 2280 1938 2356 2224 1996 2232 2254 2190 2041 2040 2076 2311 2029 2240 2183 
1551 2002 1880 1653 1385 1605 1369 1629 1545 1725 1783 1509 1816 1751 1741 1712 1541 1775 1626 1709 1591 1595 1850 1781 1708 1618 1820 1422 1459 1776 1545 1745 1696 1824 1676 1503 1782 1923 1600 1588 1814 1516 1550 1846 1673 1704 1700 1501 1679 1777 1705 1763 1585 1577 1736 1849 1618 1592 1692 1652 1567 1550 1636 1655 1706 1666 1754 1749 1623 1861 1628 1437 1760 1582 1819 1557 1698 1820 1820 1633 1876 1780 1862 1722 1833 1764 1449 1913 1711 1823 1558 1635 1694 1572 1325 1590 1638 1547 1751 1649 
1712 2125 1944 1831 1720 1823 1681 1645 1774 1803 1696 1737 1905 1732 1978 1998 1724 1926 1683 1966 1633 1792 2164 1908 1898 1697 2018 1576 1619 2063 1768 1756 1976 1872 1743 1843 1827 2069 1784 1795 1961 1733 1694 1912 1779 1900 2016 1912 1890 1949 1850 2074 1852 1759 1796 1847 1769 1846 1952 1945 1752 1724 1809 1754 1744 1753 1840 1956 1875 1817 1874 1706 1998 1798 1915 1807 1750 1732 2025 1765 2050 2057 2149 1903 1951 1812 1593 2118 1934 1763 1816 1946 1938 1623 1632 1790 1929 1547 2150 1978 
1846 2275 2192 2176 2011 2221 1917 2014 2118 2058 2041 1813 2142 1955 2044 2126 2016 2042 2054 2148 1826 2168 2280 2220 2067 1876 2243 1908 1923 2292 1991 2004 2049 2059 1997 2031 2261 2468 2071 1975 2147 2063 1865 2242 2079 2192 2249 2228 2153 2259 2022 2237 2083 2166 2092 2335 1932 2275 2019 2008 1861 2039 2131 2015 1921 1910 2112 2308 2030 2144 2256 2006 2233 2137 2140 1968 1991 2032 2353 2116 2264 2254 2320 2263 2142 2214 1781 2405 2141 2152 2105 2406 2078 1794 1915 2011 2077 1879 2118 1998 
1834 2101 2101 2027 1718 1996 1709 1661 1991 2017 1927 1832 2007 1925 1998 1943 1816 2112 1826 1965 1720 1984 2243 2210 2004 1739 1979 1617 1665 2286 1953 2172 2069 1969 1842 1962 1889 2084 1948 1943 2033 1823 1812 2039 2120 2030 2155 1937 1995 2146 2073 1989 1874 1825 1982 2159 1901 2030 1985 2041 1811 2076 1850 1998 1848 1823 1938 2018 2121 2114 1941 1678 2206 1908 2027 1922 2011 1989 2127 1776 2204 2098 2112 2163 2222 2085 1780 2087 2036 1961 2000 2123 2048 1744 1753 1789 1915 1790 2086 1892 
1842 2329 2059 2048 1865 2075 2016 1854 1967 2202 1897 1765 2066 1950 1922 1956 1971 1921 2038 1991 1781 1990 2349 2113 1989 1874 2138 1977 1762 2173 1788 1920 2253 2113 1894 1857 1996 2296 1921 2183 2057 2076 1928 2184 2050 2176 2171 1957 1950 2204 1859 2217 1974 2131 2111 2217 2116 2090 1971 2105 1743 1979 2017 1996 2079 1908 2042 2169 1946 2118 2111 1807 2100 1859 2141 1997 2013 2059 2240 2056 2274 2235 2299 2215 1862 2093 1961 2449 2176 2060 1971 2123 2024 1678 1780 1790 2099 1714 2096 2245 
1945 2403 1969 1828 1842 1970 1728 1957 2023 1988 2081 1718 2095 1992 1892 2051 1895 2146 2015 2015 1737 2187 2303 2230 1982 1844 2058 1891 1830 2136 1797 1977 2018 2088 1964 2043 2047 2098 1915 1956 2341 2020 1906 2052 1995 2167 2130 2035 2059 2110 2033 2179 1863 2073 2158 2122 1946 1981 2098 2052 1722 1853 2018 2093 2058 1828 2181 2133 2044 2053 2142 1850 2049 1874 2189 1887 1889 2072 2194 1928 2099 2074 2126 2014 2105 2204 1689 2346 1998 2143 2050 2207 1942 1708 1728 1835 2150 1695 2076 2059 
1696 2148 2009 2070 1929 2014 1852 1802 1907 1881 1839 1580 1900 1880 1841 1899 1820 2069 1802 1883 1626 2115 2258 2035 1824 1791 2000 1785 1794 1905 1670 1935 2067 2022 1867 1862 1943 2204 1918 1863 1978 1860 1915 1899 1910 2072 2198 2071 1937 1873 1780 2093 1843 1867 1810 2113 1833 1892 2088 1935 1856 1936 1898 2022 1867 1870 2064 1936 2083 1997 1967 1689 1963 2053 2026 1771 1947 2056 2171 1793 2091 2119 2129 2203 2048 1983 1688 2151 2015 1900 2007 2232 1849 1640 1900 1827 1992 1721 1919 2009 
1756 2178 2272 2012 1958 2112 1804 1880 1960 2027 1998 1763 2052 1940 1987 2137 1788 2134 1884 2051 1839 2005 2175 2125 1895 1773 2126 1892 1772 2201 1799 2078 2019 1966 2034 2036 2060 2271 2024 1938 2163 1983 1758 2134 2034 2039 2297 2006 2048 2050 1965 2094 1869 1835 2038 2211 1924 2081 2023 2058 1939 2006 2055 2125 2000 1793 1936 2112 2077 1946 1900 1807 2036 1914 2072 1825 1948 2041 2162 1967 2126 1989 2172 2148 2109 2120 1759 2121 2107 2026 1935 2020 2035 1689 1919 1848 1923 1739 1809 1983 
1771 2135 2201 1884 1654 1973 1697 1825 1875 1931 1877 1751 2085 1904 1987 1954 1821 1964 1749 1970 1576 1970 2065 2065 1993 1739 2124 1662 1905 2132 1708 1865 1963 2091 1932 1878 2058 2205 2078 1851 2132 1765 1793 1858 1954 1768 2146 2064 1758 2052 2018 2142 1941 1837 1855 2122 1808 1934 2115 1888 1884 1753 1897 1793 1925 1870 1921 2119 1959 1978 2021 1620 1956 1828 2056 1921 1933 2061 2214 1808 2260 2074 2080 2071 2180 1955 1683 2166 2000 1929 1919 1986 2016 1703 1793 1937 2005 1655 2021 1942 
1740 2130 2059 1899 1720 1844 1643 1752 1901 2021 1832 1733 2081 1914 1880 1910 1732 1928 1805 1864 1722 2000 2035 2026 1846 1815 2098 1824 1774 2084 1717 1970 2184 2082 1882 1964 2049 2189 1961 1998 2018 1920 1725 1928 1988 1997 2200 1977 1862 2024 1859 2133 1803 1649 1987 2131 1893 2054 2024 1949 1974 1988 1876 1956 1922 1885 1922 2025 2015 1798 1880 1660 2046 1849 1916 1936 1962 2140 2193 1777 2166 1995 1947 2102 2060 1917 1692 2115 2039 2068 1707 2050 2005 1755 1693 1709 1788 1733 1952 1803 
1633 2079 1886 1709 1710 1845 1625 1677 1913 1840 1764 1674 1766 1853 1700 1925 1582 1981 1730 1801 1613 1915 2044 1914 1925 1678 1933 1702 1620 1888 1647 1739 2129 1861 1920 1711 1834 2123 1819 1832 1982 1784 1656 1756 1846 2070 2094 1889 1875 1947 1608 1953 1647 1679 1861 1919 1767 1741 1879 1880 1742 1703 1782 1852 1753 1771 1986 1759 1846 1776 1858 1664 1840 1778 1785 1737 1801 1889 2032 1788 2003 1871 1993 1976 1908 1919 1703 1893 1930 1687 1871 1856 1781 1587 1713 1760 1926 1727 1823 1648 
1754 2130 2052 2014 1727 1896 1707 1755 1933 2011 1899 1724 2120 1760 1759 1866 1751 1912 1993 1680 1673 1737 2159 2209 1802 1630 2082 1673 1619 2029 1872 1936 2005 1822 1755 1855 2018 2070 1779 1986 1867 1782 1801 2011 2002 1984 2022 1982 1935 1925 1963 1983 1883 1785 1825 2028 1806 1858 1752 1843 1725 1896 1911 1807 1683 1667 1849 2129 1817 1973 1941 1728 2021 1718 1937 1772 1965 1990 2167 1821 2194 2160 2040 2098 1857 1993 1761 2095 1898 1881 1959 1976 1887 1694 1663 1759 1910 1699 1879 1972 
1859 2357 2106 1986 1848 2121 1823 1928 2149 2092 2051 1860 2115 2150 2001 2067 1960 2174 1898 2074 1845 2064 2415 2107 2013 1889 2092 1852 2026 2178 1931 2031 2242 2297 2050 2034 2111 2415 2064 2199 2181 2067 1984 2024 2248 2211 2314 2137 1956 2202 1967 2296 2048 1933 2084 2255 1968 2070 2120 2050 1839 2107 2000 1983 1925 1945 2045 2213 2046 2133 2155 1892 2110 1998 2209 2050 2080 2152 2256 2066 2237 2045 2176 2308 2184 2147 1949 2297 2158 1982 2114 2223 2091 1722 2003 1915 2152 2059 2047 2132 
1775 2415 2142 2133 1775 2110 1925 1931 2044 2123 1947 1661 2031 1997 1917 2130 1845 2083 2016 1915 1710 2027 2281 2017 2087 1813 2079 1904 1808 2105 1822 2064 2172 2212 1983 1919 2139 2354 1842 2102 2017 1985 1708 2010 2036 2204 2230 2117 2094 2024 1898 2184 1948 1861 2030 2261 1806 1907 2061 2039 1662 1873 1944 2034 1929 1970 2089 2139 2167 2164 2195 1781 2156 1898 2072 1936 2017 2069 2293 1957 2260 2271 2293 2291 2195 2099 1872 2375 2094 1962 2112 2217 2087 1819 1828 1860 1872 1908 2010 1963 
1679 2265 2197 2061 1787 1912 1852 1941 1945 2086 2002 1770 2109 1811 1955 1976 1772 2056 1980 1887 1788 2033 2199 2060 1951 1804 2064 1693 2048 1962 1917 2031 2221 2110 1860 1958 2125 2401 2056 1966 1976 1880 1860 2029 2265 2210 2291 1905 1906 2136 1970 2116 1914 1810 1954 2200 1981 1979 1979 2068 1731 2092 1903 1936 1864 1915 1908 2111 2131 1958 1925 1794 2164 1968 2059 1701 1960 2213 2260 1932 2259 2028 2230 2175 2065 1936 1821 2153 2057 1882 1960 2016 2059 1626 1841 1940 1989 1794 1919 2086 
1638 2000 2042 1946 1859 1787 1621 1796 1853 1822 1709 1639 1959 1755 1850 2074 1694 2084 1645 1948 1337 1761 2037 1827 1948 1745 1827 1457 1695 1894 1517 1712 1836 1824 1756 1896 1851 2101 1847 1836 1793 1678 1661 1906 1751 1910 2044 1999 1855 1862 1817 1979 1700 1676 1726 1950 1817 1886 1912 1844 1664 1744 1799 1896 1781 1596 1814 2033 1813 2011 1772 1696 1852 1814 1941 1593 2011 1852 1954 1808 2057 1819 2036 1981 2077 1822 1755 1932 1865 1805 1910 1943 1802 1623 1692 1792 1823 1605 1939 1958 
1919 2376 2270 1878 1876 2001 1794 2011 2035 2136 2117 1871 2237 2035 1962 2172 1978 2139 1971 2032 1757 2085 2260 2111 1987 1893 2259 1826 1884 2257 1951 1982 2354 2142 2087 2192 2191 2197 2156 2036 2278 2146 1918 2012 2232 2172 2146 2112 1976 2055 1908 2359 2003 2005 2187 2333 2051 2013 2061 2322 1943 1960 2025 2079 2070 1913 2195 2237 2003 2050 2212 1951 2097 1839 2131 2004 2009 2129 2243 1793 2305 2191 2241 2274 2333 2157 1831 2245 2162 1996 1987 2115 2060 1651 1782 1997 2097 1801 2049 2070 
1743 1885 1927 1713 1741 1827 1675 1708 1847 1765 1822 1611 1944 1914 1625 1915 1585 2062 1674 1797 1499 1865 2043 1989 1738 1657 1897 1586 1669 2164 1780 2008 1899 1657 1802 2032 1745 2113 1566 1768 2087 1775 1664 1886 1956 1962 1934 1980 1836 1944 1908 1923 1734 1815 1960 2060 1735 1885 1955 1975 1755 1816 1863 1860 1737 1584 1872 2064 1892 1836 1735 1700 1934 1555 1895 1904 1788 1978 1944 1660 2015 1913 1879 1928 2020 1826 1561 1965 1809 1779 1867 1906 1895 1509 1767 1733 1831 1653 1863 1730 
1811 2470 2250 2077 1929 2031 1751 1960 2185 2032 1923 1846 2256 2017 1957 2185 1905 2137 1782 2195 1718 2219 2407 2211 2016 1918 2191 1833 1726 2083 1743 1972 2168 2110 1985 1978 1953 2456 1857 1942 2247 2044 1983 1997 2092 2130 2240 2186 2038 1994 2000 2261 1870 1934 2040 2305 1846 1950 1968 2033 1965 1847 2082 2156 1868 1989 2168 2076 2144 2109 2021 1847 2061 2045 2075 1891 1981 2060 2471 2029 2338 2071 2188 2236 2101 2126 2040 2331 1987 1983 1963 2119 2106 1797 1958 2021 2209 1817 2046 2027 
1760 2084 1961 1830 1734 1981 1543 1747 1844 1904 1874 1543 2021 1852 1902 1905 1719 1959 1840 1812 1570 1905 1985 1996 1663 1596 1820 1694 1672 1872 1766 1843 1892 1843 1761 1811 1816 2146 1648 1802 1927 1739 1794 1860 1806 2043 1868 1917 2039 1919 1806 1943 1901 1698 1834 2105 1756 1959 1865 1968 1574 1830 1786 1751 1845 1557 1819 2006 2006 1834 1961 1640 2032 1607 2009 2013 1703 1951 2129 1797 2137 1680 2018 2002 2020 1987 1507 2026 1889 1832 1792 2058 1845 1480 1724 1722 1812 1671 1829 1937 
1864 2100 2103 1935 1757 1795 1715 1699 1831 1902 1828 1665 1932 1876 2068 1858 1844 2135 1901 1945 1747 1904 2012 2053 1871 1576 2074 1783 1805 2026 1852 1957 2011 2131 1902 1903 1966 2098 2058 2005 2023 1852 1676 1907 2044 2094 2226 1955 2035 1921 1928 2044 1912 1706 2039 2144 2007 1953 2045 1999 1778 1889 1977 1840 1978 1769 1933 2020 1961 2046 1742 1697 2130 1744 2128 1888 2001 2101 2315 1704 2028 2042 2083 2032 2061 2016 1620 2219 2023 2170 2113 2107 1980 1639 1703 1948 1844 1829 1836 1973 
1789 2421 2162 1927 1939 1932 1881 1961 2153 2104 1848 1759 2214 1897 2005 2140 1837 2158 1990 2177 1658 2193 2414 2268 2074 1788 2190 1777 1940 2138 1855 2007 2060 2089 1977 2108 2086 2349 1955 1955 2022 1936 1940 2236 2051 2268 2154 2243 2114 2018 1937 2322 2038 1936 2086 2308 2068 2092 2071 2109 1914 2034 2263 2208 2020 1896 2050 2244 2041 2165 2013 2063 2253 2056 2184 1911 2165 2147 2464 1891 2224 2090 2205 2144 2124 2114 1937 2294 1999 2074 2178 2199 2089 1779 1907 1943 1927 1823 2120 2051 
2206 2631 2456 2275 2075 2248 2160 2059 2289 2389 2282 2109 2367 2259 2211 2275 2202 2358 2169 2237 2143 2285 2702 2333 2187 2197 2453 2205 2130 2455 2110 2298 2610 2494 2109 2312 2331 2586 2267 2369 2353 2242 2249 2228 2345 2473 2508 2292 2232 2270 2163 2290 2190 2149 2363 2372 2194 2260 2433 2374 2127 2144 2184 2286 2175 2231 2446 2586 2313 2313 2317 2099 2335 2200 2262 2288 2444 2360 2554 2137 2563 2523 2518 2517 2411 2307 2078 2516 2368 2240 2156 2496 2389 1992 2018 2249 2378 2069 2288 2343 
1491 1907 1892 1886 1636 1889 1728 1711 1790 1873 1689 1507 1882 1955 1873 1811 1777 1950 1753 1947 1785 1953 2067 2026 1748 1648 1976 1681 1823 2054 1679 1803 2000 1964 1788 1864 1818 2209 1771 1775 1735 1736 1705 1970 1704 1850 2182 1928 1824 1943 1927 2044 1896 1734 1841 2034 1820 2044 1951 1746 1622 1919 1890 1792 1926 1718 1852 1894 1834 1796 1885 1568 1958 1895 1968 1855 1658 1926 2072 1796 2101 1944 1915 2017 1740 1852 1595 2081 1860 1848 1707 1969 1875 1550 1682 1701 1813 1513 1802 1765 
1814 2343 2172 2024 1922 2076 1806 1926 2144 2089 2064 1860 2081 2009 1989 2117 1931 2065 1912 2083 1823 2016 2290 2110 2100 1646 2128 1765 1818 2091 1884 2014 2167 2280 1985 2022 2030 2327 1906 1974 2179 1962 1977 1875 1936 2250 2277 2153 2207 2032 2067 2151 1906 1923 2073 2295 1857 1865 2078 1948 1904 1821 2053 2025 1941 1886 2177 2104 2166 2346 1999 1785 2246 1928 2111 2020 1981 1988 2318 1995 2263 2097 2323 2233 2104 2282 1897 2249 2176 1950 2125 2295 2024 1711 1833 1936 1950 1930 1984 2165 
1723 1978 1944 1830 1798 1887 1749 1579 1756 1886 1640 1431 1722 1725 1820 1784 1696 1852 1645 1692 1602 1861 2027 1983 1881 1696 1925 1704 1577 1936 1740 1789 1978 1964 1714 1690 1788 2201 1795 1936 1758 1793 1676 1912 1832 2003 2029 1829 1869 1946 1609 2015 1937 1726 1815 1847 1644 1951 1907 1811 1602 1813 1836 1785 1721 1861 1790 1882 1882 1898 1825 1637 1968 1858 1983 1745 1762 1960 2036 1734 2024 1980 2011 2034 1990 1976 1651 2007 2094 1704 1842 2033 1849 1670 1625 1747 2005 1649 1861 1978 
1671 2214 2143 1703 1827 1862 1705 1735 1914 2153 1932 1854 2063 1743 1831 2082 1833 1983 1737 1971 1693 1909 2160 1997 1993 1720 2163 1599 1809 2143 1733 1750 2132 1990 1891 1654 1896 2267 1873 1906 1827 1965 2002 1955 2010 2108 2149 1964 1884 2070 1712 2097 1855 1811 2097 2085 1840 1984 1790 2031 1766 1972 1869 1809 1679 1801 1874 1959 1940 1835 1965 1841 2024 1802 1981 1775 1727 2025 2219 1812 2159 2018 2059 2109 1934 1975 1751 2319 2043 1932 1863 2104 1867 1714 1636 1854 2070 1750 1921 1983 
2226 2599 2302 2321 2091 2279 1990 2095 2194 2207 2168 2014 2284 2150 2172 2296 2043 2278 2317 2190 1899 2124 2404 2359 2253 1952 2429 1973 1996 2421 2153 2295 2236 2371 2167 2149 2205 2523 2307 2121 2395 2047 2049 2283 2232 2348 2389 2210 2325 2304 2237 2266 2245 2124 2053 2543 2027 2226 2317 2044 1983 2028 2187 2126 2170 2026 2236 2437 2313 2353 2166 2079 2261 2167 2450 2027 2261 2208 2387 2137 2468 2310 2519 2433 2354 2387 1862 2343 2349 2218 2320 2381 2252 2024 1967 2119 2183 2000 2150 2180 
1747 2155 2299 1950 1847 2049 1814 1773 1947 1935 1954 1693 1992 1794 2105 1941 1752 2083 1860 2002 1764 1864 2176 2006 1807 1828 2133 1925 1791 2166 1847 1929 2075 2234 1906 1966 2070 2310 1967 1933 1993 1942 1705 2071 1999 2173 2175 1792 1995 1865 1878 2074 1854 1822 2125 2173 1946 2024 1921 2061 1690 2015 1736 1920 1851 1882 2006 2193 1957 1985 1920 1879 2095 1881 2029 1786 2106 1925 2238 2008 2177 1972 2274 2156 2107 2032 1914 2284 2063 1828 2023 2111 1892 1683 1685 1949 2018 1852 1966 2017 
1705 2207 1921 1766 1746 1872 1759 1818 1964 1976 1871 1664 1934 1892 1859 2004 1747 2034 1756 1926 1769 1874 2156 2076 1805 1556 1949 1697 1828 2025 1742 1911 2180 2029 1857 1889 1874 2080 1798 2003 1911 1762 1804 1940 1896 2135 2051 1964 1974 1958 1814 2089 1919 1839 2052 2132 1908 1852 2036 2056 1616 1808 1983 1824 1823 1761 2012 2166 1909 1993 1994 1845 2113 1822 1913 1949 1846 1856 2236 1793 2155 1962 2120 2148 1841 2001 1715 2261 1914 1811 1978 2046 1924 1497 1799 1863 1819 1680 1851 2066 
1760 2294 2077 1937 1918 1983 1713 1741 1954 2027 2019 1658 2077 1898 1874 1950 1897 2035 1854 1872 1581 1902 2224 1994 1954 1814 2031 1719 1908 1894 1793 2027 2003 1902 1915 1987 1926 2127 1892 2017 2168 1786 1787 1994 2051 2230 2053 1891 1986 2003 1930 2119 1887 1860 1888 2112 1871 1875 1911 1930 1799 1783 1910 1929 1867 1844 1941 2204 2039 2057 1978 1842 2029 1817 2080 1617 1941 1910 2141 1866 2037 2076 2173 1988 2084 2007 1836 2276 2000 1974 1937 2003 1955 1816 1706 1784 1884 1788 1982 2012 
1857 2341 2109 2092 1717 1959 1879 1867 2061 1987 1890 1745 2175 2082 1900 2047 1899 2120 1764 2084 1820 2003 2175 2125 1864 1773 2048 1740 1843 2102 1849 2063 2081 2126 1928 1889 2056 2241 1859 1923 2059 1841 1834 1966 2252 2149 2196 1972 1855 2196 1877 2120 1799 1872 1939 2198 1857 1987 2057 1980 1927 2002 1954 1937 1772 1914 2051 2000 2083 2006 1854 1756 2069 1923 2104 1966 2172 2130 2300 1880 2090 1879 2063 2130 1968 1977 1823 2270 2041 2005 1910 2111 1998 1707 2007 1995 2077 1784 2058 2082 
1698 2100 1943 1721 1710 1858 1549 1784 1910 1961 1934 1639 2083 1865 1746 2125 1807 2057 1682 1886 1547 1977 2035 2040 1899 1761 1937 1610 1598 1959 1732 1865 1926 1955 1743 1936 1736 2093 1734 1682 2028 1921 1740 1852 1918 2010 1938 1860 1846 1977 1774 1905 1816 1758 1893 2074 1706 1773 1869 1836 1770 1718 1867 1812 1605 1689 2038 1815 1955 2085 1953 1801 1955 1816 1866 1711 1737 1779 2178 1747 2088 1971 2062 1945 1994 1901 1710 2028 1894 1729 1847 1948 1791 1577 1711 1793 1880 1676 1881 1940 
1872 2222 2125 2133 1944 2064 1854 1838 2090 2051 1959 1731 2134 1995 2165 2157 1958 2048 1905 2143 1677 1940 2253 2092 1924 1847 2108 1723 2018 2212 1884 2039 2085 2145 1980 2086 2227 2288 2094 2121 2010 2010 1812 2125 2155 2264 2289 2127 2121 2116 1935 2084 2085 1984 2020 2266 1837 2197 2057 2006 1848 1939 2055 2046 1834 1967 1996 2102 2053 2095 2072 1896 2199 1828 2161 2004 1898 2018 2202 1950 2307 1962 2192 2143 2162 2163 1904 2433 2261 1917 2033 2203 2082 1663 1909 2009 2037 1798 2118 2077 
2069 2694 2515 2302 2143 2243 2115 2143 2228 2217 2097 1834 2376 2065 2117 2410 2020 2396 2292 2303 1853 2203 2647 2393 2141 2024 2413 1960 2113 2335 2115 2401 2314 2300 2190 2311 2171 2657 2276 2377 2232 2254 2001 2270 2272 2600 2476 2289 2274 2200 2151 2411 2202 2198 2189 2435 2241 2289 2209 2267 2048 1984 2221 2191 2152 2182 2301 2484 2343 2291 2361 2171 2381 2097 2359 1979 2153 2317 2690 2100 2547 2260 2477 2333 2381 2305 2023 2655 2370 2233 2183 2440 2267 1899 2001 2173 2087 1969 2215 2160 
1863 2391 2267 2034 1891 1923 1879 1891 2040 2113 1977 1802 2029 2101 1919 2138 1878 1977 2043 1935 1898 2107 2232 2116 2075 1845 2213 1824 1795 2011 1783 2023 2269 2075 1986 1917 1919 2295 1859 2110 2059 1893 2014 2019 1969 2114 2220 2171 2129 1906 1821 2208 1831 1861 1994 2174 1976 1865 1993 2046 1926 1799 2075 1941 2053 1888 2078 2045 2181 2161 2155 1840 2028 1933 2053 1969 2006 2095 2452 1948 2385 2075 2290 2206 2040 1997 1804 2405 1992 2022 1904 2103 2056 1916 1727 1894 2005 1618 1990 2131 
1664 2116 1813 1885 1783 1941 1752 1690 1731 1803 1726 1653 2024 1756 1805 1937 1690 1976 1777 1934 1607 1908 2143 1956 1794 1719 1996 1646 1664 2078 1605 1754 1918 1940 1807 1827 1840 2104 1842 1902 1971 1875 1662 1904 1849 2185 2080 1904 2001 1960 1751 2088 1945 1848 1820 2041 1768 2066 1905 2063 1785 1807 1791 1783 1814 1791 1902 1864 1889 1921 1924 1793 1865 1854 2024 1746 1867 1931 2177 1738 2074 1850 2005 2058 1950 1964 1701 2151 1975 1886 1856 1951 1947 1656 1774 1810 1931 1686 1976 1872 
1781 2445 2224 1934 2012 2099 2039 2162 2110 2186 2137 1802 2334 2067 2041 2259 2081 2243 2045 2123 1784 2181 2365 2288 2014 1798 2182 1987 1975 2349 2096 2158 2147 2139 1977 2036 2167 2330 2034 2166 2193 2105 1836 2274 2270 2262 2059 2197 2062 2337 2151 2354 2043 1890 2157 2366 2090 2016 2104 2322 1885 2004 2113 1925 2154 1658 2010 2315 2154 2059 2129 1989 2349 1910 2194 1904 2135 2096 2494 2201 2255 2169 2344 2254 2191 2138 1879 2364 2086 2111 2185 2197 2182 1752 1957 2057 2188 2114 2054 2253 
1757 2380 2214 1911 1906 2044 1745 1771 2060 2024 1839 1866 2224 1907 2069 2158 1758 1951 1905 2101 1712 2194 2298 2205 1922 1723 2294 1834 1844 2351 1930 2012 2151 2220 1866 1933 2075 2278 2037 1850 1994 2032 1826 2096 1989 2045 2186 2001 2153 2003 2054 2234 2204 1990 2160 2260 1938 2205 2017 2084 1883 1968 1956 2073 1902 1917 1978 2171 2146 2070 2079 2004 2176 2024 2129 1928 2106 2054 2367 1816 2215 2017 2171 2256 2202 2093 1959 2195 2050 2001 2005 2212 2013 1781 1753 2054 1967 1832 2116 1988 
1824 2319 2033 1877 1917 2011 1825 1951 1904 2014 1960 1816 2240 1913 1837 2143 1963 2083 1950 2097 1762 2015 2302 2214 1901 1882 2153 1757 1922 2211 1988 1923 2105 2042 1850 2164 2067 2342 2027 2096 2012 2015 1748 2164 2225 2186 1976 2112 1956 2193 1947 2318 2071 1989 1978 2435 2022 2077 1992 2188 1778 1954 2107 1872 1812 1717 2043 2336 1961 2063 2185 2059 2096 1946 2108 1822 2024 2076 2401 1970 2291 2168 2197 2145 2157 2040 1736 2363 1967 1966 2055 2142 2026 1648 1874 2009 2094 1745 2079 2145 
1923 2210 2163 1974 1916 1969 1761 1790 1953 2121 2096 1739 2302 2115 2126 2096 1887 2178 1996 1982 1551 1999 2238 2239 2040 1889 2087 1848 2003 2204 1894 2004 2031 2148 1969 2138 2079 2349 2088 2008 2218 1933 1950 2041 2125 2125 2122 2004 1970 1948 2007 2107 2060 2031 2117 2141 1922 2055 2162 1928 1949 1874 1997 1973 1937 1827 2101 2338 1910 2209 2150 1909 2207 1907 2034 1967 1983 2065 2367 1855 2242 2053 2174 2129 2149 2039 1853 2188 2031 2053 2080 2247 2057 1711 1863 1879 1948 1932 2057 2066 
2059 2529 2233 2038 2053 2227 1781 2185 2143 2191 2162 1918 2298 1998 2127 2208 2081 2365 1995 2134 1850 2168 2490 2304 2153 1943 2167 2016 2004 2373 2174 2105 2295 2300 2041 2072 2090 2445 1980 1982 2146 1981 2076 2130 2073 2335 2266 2235 2247 2310 2286 2140 2016 2106 2055 2306 2005 2163 2251 2066 1964 2038 2098 1971 2015 2058 2078 2504 2238 2145 2212 2114 2410 2052 2230 2029 2258 2297 2547 2117 2289 2202 2365 2324 2267 2448 2019 2435 2148 2170 2202 2387 2022 1802 2067 2058 2124 2116 2079 2290 
1990 2552 2176 2060 2025 2216 1881 1815 2149 2125 2025 1895 2172 1930 2099 2307 1960 2117 1932 2025 1719 2107 2458 2175 2206 1860 2095 1877 1942 2259 2105 2104 2226 2293 1936 2113 2035 2450 2166 2158 2253 2002 1993 2132 2267 2412 2227 2237 2283 2249 2087 2326 2179 2032 2158 2355 1977 2077 2261 2149 1838 2077 2127 1963 2004 2098 2122 2359 2236 2246 2196 2224 2181 1955 2353 1927 2228 2197 2420 1914 2222 2131 2319 2175 2379 2259 1853 2332 2357 2079 2277 2412 2131 1917 1943 2083 1966 1979 2130 2154 
1879 2114 2153 2012 1671 1881 1731 1770 1946 1985 1793 1747 2030 1954 1965 1933 1738 2023 1996 1880 1777 1950 2122 1944 1841 1655 2093 1753 1691 2057 1815 2055 2042 1863 1860 1926 1935 2217 1828 1934 1873 1918 1709 2042 2009 2102 2321 1726 1915 1823 1740 1845 1966 1680 1897 2131 1903 2094 1952 1822 1743 1865 1845 1968 1859 1807 2071 2015 2002 1907 1917 1681 1946 1888 1995 1947 1879 1957 2070 1821 2185 2055 2143 2273 2017 1888 1657 2132 1971 1945 1776 1985 1925 1699 1693 1838 1839 1692 1875 1856 
1702 2108 2099 1881 1853 2054 1803 1772 2139 1991 1994 1732 2031 2025 1982 1869 1805 2006 1847 1989 1614 1937 2182 1989 1984 1762 2081 1822 1800 2029 1803 2018 2149 2067 1920 1788 1983 2279 1900 1868 1967 1883 1753 2049 1900 2062 2163 1949 1923 1993 1916 2166 1940 1893 2073 2158 1887 2048 2040 1911 2029 1994 2003 1991 1844 1788 2038 2110 1958 2094 1959 1846 2098 1833 2111 1719 1933 1948 2001 1835 2121 2153 2194 2060 2067 2014 1841 2044 2077 1903 2073 2102 1887 1672 1777 1800 1855 1892 1918 1915 
1740 1961 1853 1948 1731 1845 1577 1786 1813 1858 1667 1631 1956 1991 1799 1993 1784 2016 1788 1908 1723 1947 1873 2001 1826 1805 1904 1605 1671 2011 1672 1996 2037 1927 1852 1813 1719 2084 1687 1860 2049 1747 1630 1828 1796 2064 2203 1893 1894 1899 1822 1880 1895 1732 1732 1883 1734 1771 1961 1810 1611 1724 1760 1845 1658 1673 1713 1761 1975 1914 1857 1680 1910 1954 1966 1841 2022 1873 2101 1759 2064 1707 2149 2103 2051 1914 1863 1977 1980 1901 1953 1963 1916 1512 1744 1825 1879 1839 1941 1926 
1768 2262 2406 1877 1904 2147 1748 1900 2101 2022 2034 1733 2126 1922 1973 2147 1964 2193 2028 1981 1854 2082 2370 2189 2086 1819 2139 1821 1823 2169 1928 2067 2160 2118 2027 2079 1991 2402 1854 2071 2025 1905 1761 1995 2046 2108 2243 2023 2074 2038 2090 2299 1910 1938 1931 2164 1908 2095 1940 1985 1806 1934 1982 2002 1837 1986 2032 2188 2133 2172 2105 1914 2049 1911 2033 1688 1945 2008 2267 2054 2255 2066 2230 2199 2041 2194 1856 2232 2158 1968 2101 2037 2062 1844 1711 2000 1926 1979 1839 1985 
2000 2384 2277 2098 2056 2313 1934 2121 2222 2284 2144 2036 2372 2204 2174 2300 2195 2186 1981 2267 2075 2205 2575 2245 2185 1999 2231 1969 1886 2322 2058 2188 2424 2178 2025 2201 2233 2437 1960 2356 2349 2253 2029 2352 2370 2455 2488 2408 2326 2364 1982 2380 2238 2001 2340 2272 2120 2173 2241 2370 2026 2117 2240 2219 2114 2012 2259 2280 2220 2096 2218 2042 2271 2006 2397 2197 2070 2282 2373 2024 2432 2296 2310 2408 2442 2241 1915 2391 2316 2209 2123 2358 2381 1933 2018 2170 2364 2047 2261 2171 
1921 2279 2195 2124 1924 2005 1694 1914 2027 2064 1995 1843 2143 1881 2047 2107 1903 2116 1913 2017 1674 2174 2166 2291 1972 1928 2066 1708 1896 2131 1982 2002 2010 2003 2039 1965 2201 2373 2024 2009 2078 2024 1858 2057 2166 2149 2301 1947 2052 2099 1969 2312 2058 1940 2073 2117 1946 2133 2006 2065 1821 1995 1884 1978 1810 1924 1981 2142 2110 2082 2089 1877 2234 1841 2110 1892 1951 2145 2163 1964 2250 2085 2196 2227 2263 2239 1742 2275 2053 2061 2095 2168 2001 1754 1835 1990 2208 1764 2136 2152 
1919 2464 2268 2046 2091 2158 1969 1945 2209 2188 2134 2013 2315 2229 2127 2217 2005 2246 1883 2171 1801 2269 2380 2241 2064 1965 2279 2068 1889 2358 1832 1932 2280 2242 2069 2128 2114 2381 1941 2104 2379 2024 1899 2036 2312 2104 2319 2153 2208 2088 2138 2400 2063 1834 2241 2334 2037 2147 2250 2185 2132 2080 2089 2102 1986 1975 2328 2347 2204 2216 2171 2032 2072 2045 2201 1990 2211 2108 2303 2051 2373 2182 2156 2421 2251 2244 1943 2237 2100 2048 2177 2124 2285 1991 2010 2057 2222 1938 2107 2162 
1816 2187 1923 1856 1838 2054 1758 1837 1963 2025 1837 1737 2134 1868 1786 2075 1774 1971 1884 1895 1511 2027 2202 1979 2061 1778 2062 1770 1913 2097 1682 1835 2101 1865 1801 1942 1994 2128 1970 1887 2084 1911 1771 2013 2066 2232 2082 2027 1980 2065 1763 2129 1908 1908 2003 2125 1765 2059 1942 2068 1738 1790 1882 1863 1918 1713 1982 2100 1872 1992 2108 1853 1947 1908 2068 1675 1870 1954 2275 1585 2195 2154 2235 2190 2156 1872 1738 2102 2023 1945 1970 2186 2025 1731 1765 1930 1936 1806 2001 1929 
1745 2176 1959 1785 1747 1988 1690 1759 1798 1860 1881 1667 1920 1854 1915 1986 1765 2080 1836 2021 1734 1828 2063 2071 1849 1780 2129 1837 1797 2149 1809 1837 2094 2102 1967 2014 1866 2154 1934 1971 2239 1859 1699 1913 1914 2121 2050 1882 1970 2022 1980 2119 1913 1929 1950 2070 1855 1997 1913 1878 1613 1715 1976 1782 1804 1901 1931 2009 1929 1973 2005 1791 2005 1799 2101 1786 1905 1915 2241 1905 2131 1921 2162 2045 1964 2123 1782 2240 2076 1831 1968 1958 2012 1625 1828 1938 1882 1657 2023 1996 
1887 2347 2179 1921 1848 1958 1691 1827 1947 1958 1881 1765 2074 1995 1824 2160 1897 2162 1958 2032 1931 2102 2351 2151 1868 1814 2253 1836 1876 2137 1918 2227 2098 2157 1878 2073 1920 2349 1954 1914 2199 2038 1892 2035 1917 2151 2301 2023 1899 1922 1930 2115 2020 1936 1937 2164 1836 1840 1988 1808 1882 1850 2037 1952 1729 2031 2147 2050 2034 2220 1979 1753 1894 2016 1862 1888 1922 1896 2323 1968 2175 2047 2379 2217 2056 2086 1745 2297 2124 2030 1891 2123 2021 1712 1747 1936 2030 1753 2065 2224 
1816 2268 1991 1934 1804 1828 1619 1866 2073 1961 1884 1770 2014 1995 2019 1998 1821 2017 1779 2041 1577 1886 2133 2115 2126 1972 2062 1740 1710 2192 1993 2016 2238 2121 1935 1799 1774 2283 1980 1852 2011 1936 1880 1915 2113 1991 2157 1882 2001 2054 1843 2170 1932 1912 1975 2155 1977 1958 2018 1928 1784 1798 1958 1857 1864 1849 1968 1984 2023 2043 1944 2078 2109 1861 2027 1887 1937 1982 2131 1788 2291 2022 2191 2042 2091 2035 1854 2250 2025 1917 2039 2071 1951 1755 1810 1962 1971 1800 1880 1880 
1801 2231 2187 1986 1883 1938 1769 1796 2077 2245 1985 1754 2157 1851 1871 2257 1845 1996 2064 1913 1822 1993 2266 2099 2018 1863 2128 1731 1823 1879 1816 2053 2213 2071 1915 1882 2032 2190 1756 1911 1985 1848 1952 2205 2101 2087 2185 2031 2036 2105 1905 2088 1919 2000 1988 2072 2057 1971 1793 2127 1825 1962 1975 1945 1768 1783 2002 2079 2092 2126 1951 1865 2011 1888 2098 1783 1796 2190 2228 1784 2187 2003 2240 2021 2097 1904 1720 2321 2062 2025 1862 2164 1901 1651 1591 2010 1949 1590 2070 2071 
1903 2428 2392 2335 2062 2381 1971 2037 2308 2276 2165 1981 2432 2133 2221 2387 2018 2326 2133 2307 1757 2230 2513 2372 2018 1958 2218 1879 1963 2408 1859 2285 2113 2184 2012 2275 2259 2568 2097 2151 2333 2213 2064 2342 2260 2426 2475 2254 2209 2223 2177 2275 2271 2228 2161 2523 2090 2371 2303 2274 2007 2267 2074 2324 2029 2038 2171 2258 2344 2395 2229 2049 2272 2193 2359 2207 2328 2164 2446 2328 2516 2240 2434 2452 2272 2259 2204 2534 2215 2040 2268 2415 2196 1830 2162 2016 2300 2023 2324 2327 
1930 2361 1995 2091 2073 2214 1918 1957 1982 2149 2056 1851 2195 2101 2052 2020 2122 2161 2097 2030 1782 2103 2158 2139 2006 1847 2238 2094 2046 2142 1897 2035 2166 2196 2082 2129 2013 2300 1929 2048 2336 1863 1847 2129 1981 2242 2261 2149 2169 2021 2117 2265 1968 1878 2111 2331 2035 2035 2196 2154 1872 1988 2011 1916 2104 1829 2133 2298 2156 2240 2064 1851 2202 1894 2330 1965 2023 2061 2365 2034 2229 2063 2405 2207 2268 2163 1791 2279 1991 2102 2189 2257 2159 1651 1805 2034 1976 1939 2098 2117 
1944 2384 2273 2001 2063 2217 1824 1844 2095 2180 1970 1774 2074 2078 2048 2049 1910 1976 2062 2017 1936 2132 2342 2108 2058 1832 2136 1898 2003 2079 1855 2059 2272 2343 2082 1934 2011 2388 2098 2228 2165 1990 2057 2090 2064 2289 2231 2097 2148 2232 1952 2157 2089 2016 2072 2162 1979 2123 2168 2128 1844 2106 1956 2055 2053 1947 1989 2293 2127 2111 2027 1900 2236 1951 2406 2022 2107 2253 2372 1964 2247 1925 2237 2237 2260 2151 1911 2289 2244 2023 2147 2184 2072 1793 1738 2001 2075 1816 2038 2141 
